15 -867 -280 -769 -37 580 426 184 -56 -288 269 314 94 18 359 197 10000 -434 -613 54 -126 -548 938 509 862 303 825 933 644 -292 -461 -863 -948 -863 -571 813 -641 480 -142 746 892 448 474 60 461 916 263 949 75 444 -686 -906 -823 811 201 -39 -883 -34 569 -607 -778 189 472 994 -598 -908 136 -928 955 590 -216 -380 -908 288 -353 46 -344 -621 -163 510 808 555 872 -885 -198 799 -377 -366 -255 754 -662 -122 773 -605 -797 412 -284 -946 -19 -898 -688 520 -514 592 -900 -749 -260 556 -254 -235 -297 -11 -105 -570 -180 989 
-276 -781 -590 -202 -918 418 -742 515 -532 -421 864 -366 -979 -215 681 735 561 -13 368 752 451 903 528 -952 142 -581 121 -687 -354 -227 -596 -663 -975 -9 446 -290 573 -449 413 -974 -695 552 -475 -886 384 449 -740 220 -812 689 -339 912 93 427 -256 -36 824 835 293 965 562 -363 297 183 639 -351 -305 723 63 -295 -997 -24 -908 -747 -546 54 779 -500 352 341 -390 995 183 -798 328 -236 -658 512 440 -1 505 -872 506 173 323 -807 351 676 312 187 
570 -273 743 735 -506 -269 368 825 -380 112 480 945 -103 906 779 946 -811 636 -40 414 923 437 -387 369 -284 -598 416 -593 -258 -197 -131 56 238 715 -818 -201 -180 -33 116 -712 661 32 778 -461 102 573 -420 186 -124 532 516 418 -581 637 861 -35 -824 442 700 579 -463 -614 210 -368 -171 -924 75 538 -63 -975 291 504 346 -45 272 -303 14 287 -318 359 842 481 964 388 518 224 36 312 -63 -784 -822 -894 -885 690 671 412 -124 954 864 -197 
799 563 131 913 -188 -944 -996 -994 -946 -632 -289 -939 -568 222 362 776 689 495 706 -641 -337 250 181 583 -375 -460 958 738 -18 507 397 697 -624 565 -340 157 -138 406 -58 -357 -421 -845 -230 673 -475 186 -693 -241 -469 61 275 890 -217 -32 -968 840 954 -4 -69 519 829 -578 -394 833 736 -561 -31 -892 -2 -269 48 674 570 907 654 891 918 260 459 -630 -94 -102 -484 -142 534 -534 -435 16 -828 -322 -359 342 592 50 278 -280 836 -634 323 -17 
-621 647 -259 -768 -236 632 357 -688 -218 782 -797 -958 969 352 61 539 705 -412 401 712 572 -448 726 293 607 -371 651 -272 871 -1 411 -146 -835 -77 634 -188 488 -319 -251 307 -337 -180 -450 -708 -850 -884 288 -378 172 213 -306 -45 757 -894 199 81 540 -391 718 309 102 -722 721 19 871 396 993 986 -503 440 -34 48 726 -783 844 983 -903 -471 -196 773 118 732 -583 732 827 -23 416 -530 465 547 494 -3 260 547 -183 -709 -39 289 -347 -266 
-47 349 99 71 866 488 345 493 -601 -891 939 283 117 -337 -63 -349 902 -751 349 863 -659 -904 384 -785 -961 -733 -764 855 230 -658 -199 707 -263 -152 -568 958 -695 -506 779 499 510 282 929 421 758 882 412 -433 -183 514 -737 -377 203 -478 -304 55 122 -758 -67 -991 550 -633 -43 453 -850 933 558 -83 928 -793 -369 972 144 -158 489 337 16 649 4 -393 -201 942 825 -393 446 178 -489 -457 354 -236 -237 -873 837 171 -661 213 73 -248 -500 -205 
542 -528 579 -519 -747 -997 -173 581 356 -481 949 -383 971 399 325 -1 -279 -866 -482 -967 -252 -430 265 996 671 810 -961 470 -904 -844 -31 -296 -766 962 -105 -557 -763 470 -194 727 -138 895 90 -481 20 436 -102 -683 717 268 -388 -50 -117 264 615 -648 -975 -114 5 579 -620 -515 887 434 -383 -213 -839 -750 593 -796 -651 -836 23 -341 579 -175 -510 810 -751 -848 -939 674 -336 220 54 -739 -380 160 868 944 -748 -659 69 573 544 542 279 -939 -995 -641 
-386 -149 -587 61 -292 39 -126 -862 -895 -166 578 834 822 775 -578 -385 -771 755 54 723 -551 -566 -574 604 953 173 -612 872 -329 94 -5 906 -576 -596 884 422 644 612 321 -870 820 -885 -478 -135 -23 -216 -188 -406 -282 244 556 169 -45 38 -566 -415 34 -633 -423 377 -717 -981 969 -145 -36 -792 -942 438 -608 426 -454 -292 -819 404 485 341 -934 -427 -522 -522 753 622 -964 -220 -709 661 73 -726 964 550 -198 -898 -874 407 -993 186 -789 210 -264 -218 
-356 -9 -365 168 809 152 212 271 390 753 -179 403 -959 692 -370 380 -194 1 -333 -414 -618 478 260 -658 -191 -16 -560 3 -530 -46 -233 683 -136 728 870 550 -199 -681 430 -247 154 923 537 -677 60 756 451 -198 589 -69 -640 -812 820 -923 -691 -396 315 -519 -96 -563 -533 -603 -723 -931 397 -829 291 -362 269 -985 -436 -910 204 137 342 -669 595 514 954 -339 943 968 -856 194 -731 819 38 -630 -73 478 -755 183 653 -631 -545 695 -550 263 -873 -558 
-40 87 378 -737 -941 110 -603 173 410 -815 402 935 -601 601 564 83 88 919 985 468 864 -969 -999 -687 -325 -575 -447 -179 62 558 -728 91 -852 -514 453 922 -886 28 -710 -320 65 -969 621 -466 -488 241 -367 60 462 -983 -540 699 554 -200 670 565 -430 569 672 205 759 -57 -640 -299 712 431 106 -424 -851 -165 763 100 -182 -32 -545 -703 -892 506 350 74 -966 950 849 205 840 712 -646 760 -937 195 826 71 -283 -265 -255 986 909 210 737 -991 
609 -97 -977 -695 -346 33 793 -977 -35 -115 341 848 -154 -520 914 8 230 -742 161 576 -945 -309 -419 634 -560 -810 190 -45 847 -717 223 585 646 804 -699 134 -292 579 974 -398 -916 -328 -500 -211 -990 -42 911 -545 810 -212 -945 855 -966 -926 542 509 -230 -464 -917 749 704 146 -78 159 -707 -54 72 -758 230 104 -896 -765 294 91 367 538 -890 -490 394 -465 -402 147 204 -419 -421 -275 833 -480 -64 -400 792 -416 -784 -438 664 192 -596 -318 -809 -66 
-72 994 -922 485 -745 785 885 424 -783 -40 461 -198 633 -456 -332 -888 -291 480 -784 168 -306 -183 -465 -718 -818 828 -441 21 986 734 -190 -729 754 -557 -611 -821 186 86 439 462 -284 -973 -853 31 374 -958 -91 -51 -681 81 921 429 1 -873 -979 748 -156 161 -490 -328 -598 -480 -199 -209 -456 739 762 540 891 214 638 -800 683 373 539 -803 766 887 -170 876 456 -480 632 685 825 10 -326 623 -479 992 677 -825 -52 535 85 -507 875 -5 803 742 
-501 -992 757 -186 336 -570 384 588 -941 828 860 -860 419 -281 148 70 886 731 -399 -645 205 -746 -171 251 282 787 -60 508 -462 -607 795 767 -109 125 443 882 -665 -206 722 -579 746 399 -271 990 547 -569 -599 783 549 353 -579 -599 724 -873 -338 130 465 -367 -971 -47 125 -406 140 -180 232 -821 143 451 -525 180 134 -333 87 455 -801 -149 774 -177 -730 171 -13 -286 925 906 639 -678 -697 -188 151 39 127 -554 -363 -204 -320 203 -661 -400 222 -430 
235 983 258 930 665 -43 -110 445 -330 593 -307 958 48 -133 136 935 945 444 -965 -295 374 -355 -737 -422 -938 337 -164 404 -421 -704 -551 601 384 -528 -517 -627 -339 -312 -150 -582 -844 -809 -41 -160 910 -812 -792 527 -554 -89 236 858 335 800 831 414 -895 -784 -372 -524 359 -816 728 -325 888 243 -539 -639 -391 -514 420 822 -82 -856 -375 -802 341 586 143 201 -359 -704 708 -546 -304 -391 135 -35 -284 -137 -242 -400 601 -344 638 -2 928 -892 -894 -642 
-314 -420 -49 -593 699 640 -493 -897 -396 27 -944 -673 -356 -838 855 -866 -151 -184 951 20 668 -997 -503 -986 901 -750 -486 647 839 -287 -243 129 -597 -311 -759 440 -502 -769 -359 79 -127 221 -3 946 175 -435 458 -550 -376 715 968 29 140 451 -408 -808 -39 -318 642 -734 837 -649 -509 701 647 -430 -655 533 -40 -241 -253 -756 -144 636 9 -471 37 94 468 370 588 -872 -526 198 169 -348 123 -409 -975 -288 -562 -890 218 -799 417 232 837 485 -252 -596 
-844 424 -289 867 430 293 761 -285 -285 38 386 -916 -523 -836 -359 -457 61 483 200 -998 -807 839 -14 -51 -692 956 34 947 963 661 274 -536 -36 -331 -169 813 242 467 72 -702 -656 198 -231 -15 895 665 213 797 984 -79 -203 223 -806 -718 648 222 305 359 551 -934 -707 792 438 -135 596 486 -510 103 -45 7 -61 -930 -536 -374 -253 881 -330 -702 -884 904 647 -469 -478 230 -679 45 297 210 137 298 -220 -760 807 -446 344 645 202 -385 -144 -850 
-63 -600 825 331 521 -347 -995 -682 729 -118 631 575 -364 728 -238 -596 89 -249 885 966 -538 -66 -289 323 508 94 -199 127 -561 -323 -654 -138 557 -99 -592 35 295 56 115 638 -967 -337 376 31 -958 -316 -238 470 -680 495 628 -820 482 380 -958 819 -295 -984 -886 158 -911 368 -52 520 -163 -316 707 -166 -390 352 -829 -859 -498 -87 621 738 910 -760 -935 -287 -197 665 126 -487 939 -346 992 85 -63 409 686 -837 -831 395 521 6 183 582 3 -96 
-19 -418 -637 997 951 -241 -90 296 -986 -244 -978 81 -158 733 -619 941 -687 106 489 -957 -725 419 704 139 -911 -591 684 469 238 559 303 -689 44 21 -544 -464 732 -158 417 455 -735 527 -754 680 -10 12 -493 246 60 185 -261 -69 -518 508 -998 -564 -858 -161 -320 388 -874 704 -335 -87 762 -738 683 365 941 584 932 171 248 -840 -295 -310 574 63 -981 -983 306 21 543 426 -862 186 -492 738 795 305 944 813 165 -664 496 413 137 211 -446 498 
-540 -254 325 506 80 319 -183 402 524 -652 503 226 527 -814 841 927 451 -318 -115 681 -475 129 220 -830 -353 -198 156 403 977 898 325 -679 -331 424 541 -368 426 -625 346 895 545 -981 717 -472 -239 773 319 333 312 -260 -841 226 658 -5 -502 -141 831 616 -997 298 -811 -327 -664 -997 -239 -704 -359 13 368 887 -282 -776 310 -586 -483 -379 -153 217 420 -126 345 -897 272 135 -689 -334 -832 502 496 -409 -400 360 329 533 -391 697 -746 -872 370 -968 
679 642 -804 357 11 227 711 204 -811 -543 -994 639 -448 -53 404 -294 -784 -497 117 917 830 -87 790 786 -188 -939 272 971 -104 -223 -834 83 -17 -852 675 -457 859 783 -939 -918 842 -138 231 -706 235 787 567 -584 622 -434 64 824 248 385 273 -503 -411 433 -527 414 996 819 -481 625 86 798 -853 198 -832 111 92 82 755 215 -426 -22 -352 -938 -731 -48 -595 439 567 -603 819 186 -523 -765 -831 890 471 -26 381 628 277 735 99 572 -460 192 
-230 292 597 968 -755 -813 401 448 -557 -836 588 -385 671 725 139 -542 -632 681 37 -871 973 607 -498 170 729 804 -901 -301 942 74 910 -996 893 347 -348 -510 710 -810 398 580 -942 -57 539 368 -959 -139 -315 -651 -930 -70 787 -461 494 377 -542 -494 -152 -82 -158 -303 -273 428 66 167 -184 951 240 -79 202 -443 760 -185 779 80 -990 358 -715 457 -409 -85 232 111 -670 574 -97 -151 -579 813 625 -442 -908 483 -406 -557 360 -877 -202 -129 -84 994 
-263 92 -727 572 163 974 -783 -661 934 -928 -210 176 -633 -28 -299 722 -350 661 -641 55 594 981 -571 -309 22 873 161 -488 410 -590 664 22 295 535 967 -751 -386 533 -579 -649 -927 42 753 486 566 997 -184 91 -477 961 390 228 549 531 821 536 743 -209 898 723 174 -453 957 713 197 -118 460 -350 777 863 -876 393 -656 -145 561 333 -798 311 292 277 -611 -24 -780 999 200 505 185 649 -989 -358 233 150 -67 239 830 -324 984 378 -704 -858 
935 807 -739 393 -67 219 -747 -6 -472 975 295 857 29 83 -895 118 901 -997 -166 545 -761 990 794 -989 -168 -123 368 858 -765 -846 -415 -521 -416 -592 -578 308 958 -131 -527 908 896 -486 -694 -78 -889 -602 435 254 76 130 704 691 462 607 -374 326 483 -158 562 735 -868 -422 621 -453 46 -898 -325 567 978 -893 -32 746 -857 -888 -605 -725 -350 840 317 500 -903 -547 -415 -379 -749 -817 -277 797 439 -283 -729 44 936 -378 -10 270 -48 736 -166 -305 
-851 588 606 -443 352 -48 -87 297 -213 -743 210 682 -343 -281 -579 138 -675 86 695 -447 666 -554 462 247 403 -903 -337 -936 -836 971 176 358 678 959 -997 746 -143 789 -652 390 306 -854 -442 -715 -480 -182 -859 -797 -7 528 -456 700 -903 -361 -341 -215 185 313 843 280 72 -546 -196 826 201 -583 -991 584 913 -395 -663 -623 -914 -398 439 519 -941 -640 562 97 972 -461 -138 -833 325 721 -402 478 -943 -1000 62 307 -512 111 -232 643 657 -839 643 -749 
-615 -965 -795 873 928 818 622 -176 -575 910 -771 53 13 -502 -250 369 -58 155 398 -180 -372 -364 -631 186 -656 -608 -534 704 -384 109 -421 794 743 885 -629 -240 284 754 898 874 831 316 384 932 500 -900 193 -125 -644 781 464 939 345 536 34 -313 387 686 -855 -71 -495 386 875 -454 594 900 264 -514 811 704 1 668 33 -477 416 564 -930 751 569 -919 -679 452 696 -430 -841 334 -6 611 -271 -403 -121 670 -344 -344 -545 211 875 -731 -263 -954 
-433 109 24 -343 307 714 984 -241 601 950 -923 -627 771 235 -830 615 -602 -857 936 -103 -451 839 204 381 -37 -46 -975 246 755 -297 949 57 -231 502 -672 289 -519 -917 -131 74 528 847 -157 549 930 -460 449 -581 -553 -968 -530 306 -87 -803 -111 166 588 209 403 -741 983 243 587 856 845 322 458 -208 468 -707 264 -183 107 454 972 -935 55 946 128 -535 -388 919 404 298 -914 -868 820 457 121 720 -975 -545 240 7 463 -911 -752 -897 67 402 
-66 408 790 487 -69 583 -399 373 738 -815 -695 -467 137 -590 954 886 -270 -113 -341 -59 -823 -783 666 -936 627 -66 -709 -385 822 -416 -32 -673 201 -925 -424 -316 205 547 -662 -506 861 181 -113 424 857 -81 -10 997 -613 -934 -400 494 531 -11 370 707 910 944 718 -403 -885 -623 634 297 -375 -273 77 -106 -346 111 324 -882 -15 -474 -372 92 -257 -896 267 487 -692 947 -468 67 5 680 145 -476 232 251 -294 794 -930 -937 -6 -305 351 476 -661 -399 
-125 392 -552 745 -259 153 -784 77 -200 973 -781 869 -130 -489 889 -848 -809 939 280 -830 227 -80 146 36 514 825 381 709 583 -248 748 444 -114 -73 -486 686 374 -823 -770 321 917 668 416 34 -678 157 460 -546 -120 233 176 -24 -949 810 572 -172 790 893 -46 -221 -658 20 -926 -71 600 541 -31 -561 718 -144 788 -457 315 970 201 -736 874 329 456 983 315 38 -958 547 649 -70 957 -515 317 -416 -918 81 -72 340 904 -683 -381 939 786 770 
-442 -838 -524 515 -287 -439 -499 -554 -375 -110 591 28 -176 372 614 -732 139 8 198 -438 -251 584 506 -968 -913 193 -83 839 -852 -916 317 942 -927 587 -32 -920 -932 618 557 611 -199 -344 -926 704 -843 484 761 688 35 -277 447 176 262 766 176 479 686 855 -886 387 802 230 -940 -487 -647 -33 483 -770 -688 -84 505 -912 523 -605 395 552 78 -478 -472 202 787 -568 523 633 318 536 -492 572 -260 -312 -695 396 157 -759 827 68 771 986 -422 767 
-688 -905 -726 693 670 997 -220 794 989 612 980 -299 161 442 262 790 91 388 477 964 -420 377 -385 401 951 -683 678 -636 -677 273 -659 858 -867 517 -791 -604 -295 -351 -192 582 459 -660 -558 -287 -196 724 -689 834 -654 701 729 731 -77 811 -457 -263 499 -307 955 968 424 -678 -404 -757 -663 -145 -560 618 365 838 535 -886 408 567 785 -323 -993 -619 -997 669 96 -157 -95 -836 165 787 -340 -718 92 956 448 -759 -61 348 887 357 -948 593 266 -348 
-539 -869 -159 284 474 268 480 -558 -381 773 571 -478 -246 227 -83 -532 89 116 820 691 109 -460 -434 -809 55 429 -972 225 490 510 964 -819 997 -978 -359 474 -97 -352 382 -908 827 -102 822 219 -541 -267 990 639 872 -1 241 -46 -375 -657 -153 466 -924 363 -422 2 759 749 944 -139 -339 -486 667 871 57 -32 850 -426 -250 380 29 953 485 265 -877 -218 420 -427 584 195 -436 123 844 -866 -332 66 -963 139 956 -123 275 -620 -750 615 467 770 
-726 -290 473 43 606 848 -622 -808 -566 153 -485 450 788 265 495 841 440 -687 -362 -461 583 836 -618 -89 -3 -875 -999 343 398 349 -822 -297 -309 335 730 102 512 -598 58 -21 726 -215 -621 -571 149 967 -799 -676 398 484 -487 905 -880 -494 -828 320 -243 -153 931 -654 474 -691 107 728 518 746 39 25 -535 -306 25 80 -128 -101 397 -379 556 -912 717 -191 -541 -785 -10 620 803 -948 207 99 428 -435 -715 -304 -535 633 559 39 -660 -319 198 817 
-308 -650 -518 274 -824 38 -861 631 -373 -750 654 554 795 -835 -727 -47 -162 416 876 -882 -86 -819 -3 -791 -485 771 216 69 -862 -117 -629 -515 549 -571 -427 337 -273 -223 -190 190 -776 66 -591 696 593 -767 510 247 -52 -813 118 407 -244 267 -230 720 198 -64 -928 -865 438 629 -206 -984 -462 -351 140 -474 -570 -592 -336 149 38 688 557 175 529 836 466 760 89 319 702 77 -292 -619 547 244 -798 -712 488 889 -236 -196 -455 43 -186 91 -69 533 
-309 851 668 979 -413 469 -86 -834 -397 -513 320 243 426 277 -364 765 -283 611 584 732 -793 -903 728 757 265 323 537 185 -105 802 972 -185 -579 383 81 -398 712 144 -665 633 -924 635 214 -940 -267 945 -118 562 138 -748 -447 629 -972 355 -782 180 869 -531 -57 -311 -879 -160 -815 -112 -362 -845 -941 -590 -861 -390 -637 661 -85 -350 -564 530 -869 -701 -820 -224 118 540 227 -198 -38 -102 -901 -900 797 253 159 -926 655 -318 65 755 -291 -613 -577 -364 
688 117 -441 175 986 758 -879 -438 872 -536 -790 -165 -641 619 -524 -37 -557 897 252 927 490 -742 16 218 212 -543 -911 -269 -607 972 716 221 -118 834 -969 431 -948 562 830 -79 -375 -245 -542 845 -480 -155 411 763 361 -962 903 -693 410 166 516 625 -44 -820 0 -557 -38 148 651 -111 276 192 745 -299 -821 4 -531 -777 626 -361 463 -520 -409 277 375 -891 956 418 604 793 -840 -704 -984 -338 688 -563 -331 -188 298 302 -804 -33 -987 -863 40 694 
72 83 310 -491 528 781 -188 -763 443 -144 992 -346 366 497 486 -107 18 484 120 -319 592 -58 -546 105 758 -978 402 695 -453 655 -998 -613 520 912 -523 636 840 -340 768 -139 -15 736 881 812 -104 102 564 -803 -514 827 -247 191 807 -920 293 -506 -973 -408 464 -750 -734 510 298 -36 -288 49 -996 632 893 -894 974 140 -91 630 -638 428 -191 -639 839 240 562 -996 358 875 109 763 -401 309 717 -901 -521 -894 -94 -945 -750 10 820 -510 421 -574 
301 832 -810 621 545 620 -942 -437 192 824 139 -285 -979 952 23 309 -452 404 -103 -662 245 -911 932 -679 605 132 -143 359 158 -640 -386 20 298 -345 -781 600 462 -793 853 634 -980 1 -877 460 212 656 -926 213 600 -973 998 848 -99 -6 -478 860 920 966 -817 393 698 292 175 -208 -264 850 -554 611 820 -749 110 -54 -519 -998 749 554 311 -892 -868 -422 42 -64 526 -322 -233 580 817 -172 -589 11 -962 376 -882 721 984 420 691 240 93 -913 
545 501 825 -415 655 826 37 -68 819 -240 -580 608 331 948 -521 -381 -31 -780 91 -278 356 118 -812 792 382 440 785 -966 -778 494 480 508 -762 -528 758 -22 780 -972 405 915 957 -402 96 -941 -512 -697 279 133 -475 795 463 -732 -963 -215 -945 -73 -979 124 543 -219 -327 567 -670 513 682 -401 506 421 176 670 444 -24 900 848 174 -887 -247 486 -333 -212 540 -91 984 -583 -947 102 -424 639 966 63 569 381 920 -993 -49 -571 778 496 -93 3 
-26 683 -854 895 -420 -997 -693 -863 611 -865 11 42 856 736 -564 558 282 336 555 -9 120 -320 -971 -678 97 20 123 -687 982 -436 -317 -874 668 -462 843 303 -291 -388 -25 -992 -640 -379 -502 804 -616 4 -412 -890 -593 720 800 -172 703 -962 -515 340 181 105 -134 -231 -767 -130 -294 -72 660 -514 870 -966 -807 368 703 -109 688 883 380 438 -22 406 -352 984 743 -815 917 -703 -449 -823 -459 949 -689 -971 -686 -789 60 38 918 -146 -105 198 589 -669 
-341 55 276 736 325 -227 -672 730 819 -344 173 245 -388 463 307 237 258 946 -304 852 891 -378 32 23 -965 -816 864 -475 -520 165 743 -436 -327 -430 244 -299 134 -596 -381 503 936 -837 -837 536 127 -277 520 -999 696 960 -744 544 129 144 553 664 561 -218 386 541 -162 880 -176 -673 -632 -806 -351 426 -37 920 272 -942 162 -570 -894 -599 798 -992 -858 -707 6 718 -719 115 -130 697 -882 -384 242 -791 533 370 -626 -649 113 384 -345 -690 254 -234 
276 -254 -389 67 83 728 346 497 890 322 -206 57 446 983 -922 -510 -902 9 -985 198 881 414 -26 254 820 -816 -808 644 104 -405 200 -109 132 -452 -784 -610 -405 333 719 714 123 832 -288 401 -814 -54 -727 -881 612 275 988 110 -346 785 -920 501 504 323 704 -246 -712 -148 17 85 295 606 564 510 637 -431 -696 704 539 -208 430 -72 295 197 -372 93 -692 -66 482 462 -103 207 -757 277 -800 -131 665 154 -403 -247 -687 912 57 -403 941 -22 
-283 -680 251 517 45 939 -639 -811 -62 805 -414 -33 441 -931 707 55 -147 437 -315 -561 752 -872 278 -610 -183 -562 26 -426 193 981 135 -711 -659 276 -985 556 861 372 -497 -128 -562 603 470 -846 35 -581 -711 -380 707 -706 839 568 -37 -285 -771 -770 -364 -637 -117 996 199 937 727 419 -52 -670 -683 351 497 254 50 -687 367 258 333 -816 -122 835 49 -328 307 -382 686 -3 -753 -729 726 536 -890 531 -480 -309 587 -636 896 -933 -552 245 906 380 
-153 291 435 -18 840 -857 152 809 136 -949 770 -73 -132 392 511 -525 934 -909 829 -895 -56 684 946 -113 -939 -467 -93 913 52 -53 -869 -54 799 47 -445 459 131 -364 857 -110 89 -566 630 865 -814 -333 32 124 -328 286 953 389 -166 967 -486 -313 -137 391 -225 627 -524 193 -65 -400 518 235 405 489 529 -98 638 405 341 -144 320 213 -518 215 917 664 -871 -291 -880 -344 -620 -35 498 -528 458 474 866 898 -673 -469 189 11 728 137 -399 -672 
-993 -112 869 332 488 713 52 559 956 -732 139 833 -828 -889 -946 254 -600 379 -258 118 556 107 578 -20 844 828 480 323 546 670 -17 -707 541 879 276 -746 -284 -542 201 -455 -333 -548 937 832 -820 -263 527 -292 -262 327 -649 -261 -705 -36 -3 535 36 -370 -544 102 476 -789 504 -90 -299 671 835 -923 -442 244 727 -446 -443 258 -972 -402 -821 130 931 850 -285 -13 472 893 930 963 -762 -239 179 497 117 -792 -440 160 -647 -289 419 384 3 -978 
506 -319 -969 99 -977 -355 58 180 -844 -157 116 565 -971 336 86 -838 965 280 -646 639 783 -815 95 -747 -45 466 925 -108 972 697 967 442 -277 4 -219 545 -673 -80 -682 286 -88 25 157 651 -5 394 -32 717 -378 182 921 -671 260 -955 828 -935 458 548 110 -537 -932 -163 -690 -422 873 -110 -325 85 529 -944 620 -832 -692 143 650 146 -763 206 -363 -906 -453 738 -120 55 -176 -634 936 -587 551 -129 -153 -177 -597 184 106 -222 531 -667 634 744 
160 794 -130 -203 751 380 -330 -511 -582 -244 -658 -950 -537 257 -209 395 142 -998 346 -322 659 152 627 319 -466 968 869 -397 331 694 223 970 -91 308 -223 -244 207 745 -410 206 -892 208 -45 952 -758 -496 80 -562 618 292 -697 80 898 437 -46 -519 -54 199 -285 809 130 171 -187 -837 595 795 -79 931 -898 -560 -701 429 867 -426 421 -64 -607 665 -337 870 767 -1 416 -665 37 -936 -827 -855 -786 402 -358 777 862 -273 -606 -519 -618 855 -656 -897 
-569 663 -536 -622 196 -292 34 934 117 631 858 454 668 -871 507 887 114 438 -353 -688 -935 -888 163 -48 181 -979 -251 -540 -749 -335 -920 -684 -824 -33 362 200 71 -109 664 -948 -565 -706 -591 -301 795 -425 -90 869 -136 705 -160 897 747 581 -407 725 -865 -774 690 -774 -967 166 -319 616 -31 -384 -254 625 984 428 20 -754 852 -544 -679 -542 586 -440 -647 -409 -368 -424 -460 -828 -917 36 -197 320 -380 921 522 -448 166 554 -522 -147 -580 -19 814 -703 
-575 652 754 443 543 -957 881 -777 950 -823 -413 605 492 -682 -619 -37 -413 -11 598 654 408 -943 -507 -591 -209 290 -757 827 295 -209 844 821 171 -360 -59 300 -590 986 -603 -796 755 904 -572 944 436 963 617 -316 -648 905 131 -378 -657 618 -825 -495 942 -749 389 -655 96 -306 -902 -703 544 383 521 -101 -930 -741 332 -28 71 766 -56 438 -602 374 233 183 -132 269 -289 -503 322 58 87 -135 -178 -382 -90 -817 80 985 -109 292 86 -457 -957 444 
880 890 562 878 72 -416 155 -282 -563 -471 449 84 -718 -569 983 535 -966 11 912 147 -160 890 -252 101 507 -382 479 860 -467 -377 -655 -320 804 -675 -866 604 -637 286 783 284 55 -193 969 727 -450 447 -322 -184 973 -438 -259 957 -416 74 17 680 -152 928 -9 -611 390 -856 200 -693 627 -159 565 -835 266 -721 -244 -268 -936 -321 -632 -640 -460 327 -805 -950 -912 226 -51 -188 -338 -445 -463 989 957 -582 119 -571 836 779 -98 -613 -703 246 562 -315 
766 173 322 697 536 -779 -568 448 160 -911 589 -612 -873 -554 -848 -61 323 155 -868 963 -633 -637 795 -147 724 -673 -176 -816 805 -80 -72 -4 -728 185 173 -494 -321 -501 753 -105 68 -203 540 461 -305 -646 -79 630 -624 -237 506 -278 -513 629 386 -559 897 -617 769 182 -937 759 205 -159 49 -854 213 -450 128 73 -286 -416 418 -255 -411 -591 -958 -568 630 -17 419 -860 763 -785 -982 -143 724 163 615 49 -103 -802 -976 -269 95 14 -914 -395 573 -153 
945 -217 141 172 5 -883 -214 206 -35 -574 869 -399 -226 -633 -771 -245 518 408 -830 -104 408 -525 426 -702 -504 -391 878 307 -525 791 92 -924 648 312 726 -26 671 -26 510 -412 614 423 622 361 -827 333 -250 367 281 936 35 878 152 -234 781 -119 -399 -778 -303 567 729 40 98 -454 690 -527 -525 -398 -785 738 -62 -350 121 -607 19 -649 83 665 -519 -263 877 450 121 -557 657 164 -543 -73 -656 908 -413 -516 670 449 -993 -989 653 423 -655 -104 
-448 776 -720 -301 -774 -132 -809 -71 221 347 620 -191 211 -865 -540 323 -814 949 626 242 -730 23 767 -302 80 -800 483 72 -75 781 94 972 972 -937 -577 322 -494 -474 497 -957 -121 607 -206 -701 248 -330 -824 999 63 562 846 454 232 19 989 -896 -769 -489 673 751 350 -512 935 890 198 -468 989 -975 539 -165 1 160 395 -28 -194 -412 798 -139 -329 179 -359 -19 -724 -363 838 -749 725 763 626 -897 -818 794 -63 -124 -188 14 -180 167 179 315 
-805 -764 -355 -173 8 -934 -153 376 -830 -112 -650 237 968 704 772 -726 741 29 -118 -117 676 671 527 218 -756 703 -560 423 318 521 45 -444 306 -939 -764 -367 -744 541 14 629 806 36 81 658 715 655 -780 -741 484 318 42 -649 623 509 -641 579 -233 -190 55 508 -958 -713 -331 215 -535 51 430 110 740 985 538 -386 244 -961 -794 343 -963 -347 -180 944 627 -394 -839 -197 -740 384 235 804 -113 -589 -809 -498 295 -465 -343 -41 -24 110 -291 -823 
314 299 -842 517 -887 163 959 324 -272 -471 -789 737 -499 624 847 -296 -114 -58 174 391 112 -177 -301 -62 533 -59 317 -285 917 -509 263 790 -950 612 545 558 473 -666 653 939 -244 560 -249 -259 -277 -252 791 -438 -342 202 929 114 -982 770 943 -401 709 -296 -146 -539 -646 -800 57 862 -715 -47 -338 406 -960 326 887 161 922 548 -527 431 -334 840 152 188 60 -422 455 262 -22 900 -940 821 -230 813 77 -363 203 -97 -543 381 -435 413 433 670 
-121 76 -605 -10 -592 -105 -877 -427 424 -137 -241 -388 -857 -424 -365 -484 641 -730 -335 -524 338 -43 -19 -192 436 11 510 -797 224 -684 349 144 561 -70 616 -715 -151 -507 -733 16 765 -76 -569 -247 597 177 -504 521 -174 512 7 -433 388 -914 -882 -77 -131 -132 -542 -612 300 -676 -927 284 585 346 -684 979 -717 -46 -907 -837 -126 45 210 -393 892 -628 -826 -500 565 156 293 -130 771 -896 -301 972 -266 9 425 24 -115 675 290 -335 -479 -742 872 -966 
-661 -122 565 -287 517 -52 -128 -544 -555 -426 -985 88 168 -445 -180 356 -307 -786 -27 715 -851 127 187 761 -760 -690 -163 721 569 -453 21 -100 746 -539 377 -401 581 -940 276 890 245 -830 -972 584 -995 272 -833 -862 -70 662 673 -77 224 -989 358 -256 -925 760 40 -289 -583 554 728 614 -132 -11 269 263 -502 -203 787 549 767 483 -795 -129 618 346 -164 801 645 731 394 972 180 -764 368 -27 -108 152 -585 -789 -830 868 -722 -967 524 984 -639 -254 
-104 55 -154 -958 915 -363 540 481 -629 -177 623 -527 635 456 -386 -204 -779 -239 279 738 670 566 -370 -211 -444 878 542 -235 235 187 129 193 -44 959 -73 -273 756 844 417 -150 765 22 -809 301 -177 -960 -344 -220 361 977 -96 643 412 -397 -888 224 -909 -511 -326 682 -531 -908 670 -536 -92 563 887 453 -155 -22 475 8 -975 394 109 767 49 -359 -483 -358 -572 845 98 -280 669 136 -460 355 -175 -671 -736 -700 159 -448 -897 -443 -132 872 -117 289 
-369 21 -350 459 950 -350 909 -352 627 -414 -402 758 -523 931 -533 -880 -536 -242 569 -219 -584 -600 323 -877 109 326 -634 540 -72 -820 170 827 -788 46 222 827 -619 579 -759 686 10 547 117 664 917 -921 -753 -923 609 455 -806 -14 -218 157 -585 495 158 676 -64 90 -855 493 -121 911 916 -985 -902 861 -324 -262 409 -546 703 811 -552 433 -823 234 -244 841 952 -59 754 648 982 343 -977 -321 -782 538 -12 751 -862 -897 424 -536 -345 -552 39 -261 
-521 112 -690 -30 -854 -987 824 718 -357 -411 -84 181 -726 238 152 -98 132 194 -587 125 -371 -670 -183 -75 198 710 -452 558 190 -589 -503 -752 -233 966 -149 -452 -537 -446 685 804 391 755 287 795 -939 394 549 -898 500 -591 -839 -525 -768 -480 -145 328 -290 38 897 -574 -908 359 837 275 282 590 -684 -124 -67 779 382 661 -48 680 -659 -480 942 -771 -516 -579 670 753 -240 -106 -826 886 -167 503 973 815 -340 -761 30 410 -201 33 -913 720 776 41 
-934 -477 -407 704 29 -142 830 -202 -944 324 -151 854 914 688 -987 983 -222 -402 -584 -406 -157 -98 275 -610 -436 27 -321 -615 -652 514 -986 290 161 -694 547 962 -259 113 626 970 -404 -748 592 124 -373 -563 108 933 -743 -605 -730 -323 -739 -286 -71 94 -21 -573 -110 -379 700 -591 -350 817 -389 -970 -634 427 818 -839 979 -526 455 557 554 614 574 -965 -849 962 308 790 -340 -681 -95 946 -292 -894 -445 -345 -620 582 -303 43 983 -149 -930 -295 -277 -335 
-502 695 749 -708 -928 159 230 -807 806 -868 198 -108 -629 -866 615 -647 394 -23 -684 715 -323 -402 425 -279 328 484 985 -431 164 -290 240 24 -859 -8 -280 -789 -357 714 -901 971 433 659 52 -544 -384 -296 571 967 -104 -813 389 508 -447 -762 -469 749 -767 -554 339 -793 -233 901 -735 817 28 -303 865 -344 255 -3 986 277 826 -999 110 774 819 88 806 -660 22 368 830 211 -435 -153 202 -447 612 860 345 -85 -430 79 -235 -22 450 282 -787 -497 
-440 235 335 606 -592 -398 158 928 105 355 803 588 -472 5 -629 147 15 -450 -494 -734 224 638 577 -160 950 454 -464 -425 -754 -959 -661 716 677 -132 263 -110 501 -531 691 -555 -563 -736 -899 -886 -207 -763 585 292 -700 -925 -827 941 -901 383 522 -444 -365 44 -548 -761 -394 911 49 906 -756 269 -642 221 874 896 -422 15 -94 854 388 650 251 -921 -879 352 856 -948 -117 631 552 360 139 330 -181 -960 -150 242 -287 -902 76 918 743 543 -164 757 
-852 119 -306 -757 904 -694 974 -857 -188 -384 172 -578 -296 554 -993 -68 394 -708 -795 -569 865 415 -53 608 -12 -170 -971 34 -895 -382 516 -486 956 -500 364 94 -131 491 -371 -656 409 391 697 -881 -698 635 822 -98 150 488 -356 -930 796 -882 679 881 896 -746 642 -526 -919 595 828 -175 -503 12 888 -721 918 937 -678 667 250 -576 -374 -680 689 530 716 -229 843 -923 498 820 891 353 -679 788 630 45 -471 -797 713 28 -46 -401 918 225 -572 412 
-621 94 -810 -769 -521 -264 905 -371 -823 -510 314 -599 855 -615 801 450 267 -65 -365 -454 84 363 -256 199 933 -421 -758 -388 29 220 244 -407 -16 -624 537 -943 -724 466 641 545 651 -612 -821 -544 521 -596 -123 962 -351 -101 528 -244 -341 380 923 -887 393 -701 893 -167 71 660 450 -272 -606 972 591 686 51 751 566 -955 557 -520 147 -728 -353 215 -344 -772 -39 -977 640 663 -616 -187 281 -788 483 -508 -151 -17 -434 -300 -432 283 888 -339 -430 -334 
-106 576 306 207 346 593 162 -266 625 -189 734 773 -842 -429 -252 451 -400 68 -7 -743 965 516 272 -551 -45 -544 171 974 -706 484 -857 545 -146 306 67 -741 554 594 -80 -212 236 366 616 955 -130 -121 224 -447 119 705 840 -51 912 -355 -852 759 -357 -78 844 608 804 -864 488 986 686 -104 494 933 968 709 661 -268 420 211 -401 -420 988 924 -934 321 184 -800 -663 -609 -446 -547 747 -592 834 99 -716 467 748 -935 356 8 -213 668 252 221 
-519 535 -494 -941 -301 -836 -224 871 -77 -302 -806 -518 51 568 536 426 845 37 122 -735 758 839 -154 952 -42 -233 -810 -734 917 466 473 -605 471 -851 691 -828 68 -517 364 927 131 -557 135 -925 -713 332 -604 639 -637 997 413 925 -728 -733 837 -35 803 776 480 545 -476 -741 -915 -99 834 -75 -152 -816 812 -772 497 203 -665 -601 -669 -132 781 116 597 519 -261 -823 219 -947 -729 880 320 -666 -405 -944 239 -324 -735 -652 -166 96 -464 -939 621 -281 
229 -309 305 -845 910 -178 -38 -682 80 -604 -60 -733 -562 869 -483 376 -459 -126 -912 -233 838 -33 -333 -113 -659 592 422 -424 -537 275 172 -211 -662 345 24 -112 934 -458 301 -358 -524 -919 815 -131 -552 -707 307 -656 -319 -190 50 -567 -448 -34 -554 821 -378 853 292 470 413 -396 -763 122 754 -633 -639 -704 184 800 779 -136 199 90 -279 -469 -686 -925 -871 -189 173 -142 -385 799 -413 555 -552 -818 868 -659 -276 -446 -348 855 323 -641 -229 283 -26 553 
-678 710 -125 718 -97 591 401 799 776 915 -560 -197 -603 122 685 920 -714 299 364 -222 -232 43 -468 481 -567 430 483 -39 -210 459 248 -620 -921 766 159 -348 -406 869 -510 -29 -314 -727 -59 -331 -766 -194 997 18 -279 501 -443 158 428 258 726 54 -973 -833 104 13 319 -665 -329 -920 846 646 237 482 -267 -384 465 -623 948 -225 950 -972 -12 -138 637 -389 -984 -69 -199 -340 696 874 595 -368 -546 -671 -426 198 -993 -734 -716 -379 -875 -414 -189 429 
852 -351 709 259 302 -631 -628 594 759 124 139 433 -306 639 497 -627 -547 -902 -186 -690 -210 854 1 351 967 -597 546 789 -428 665 -905 -584 -655 1 460 837 409 267 742 966 -518 829 -526 245 400 -737 839 725 611 149 -378 -620 175 553 -367 -959 -994 128 541 866 -931 -654 318 606 -277 973 -1 934 921 -495 617 -395 -483 895 -931 -420 984 -689 255 316 -933 -336 315 190 -966 851 -484 -105 -752 787 -764 977 115 -646 -657 55 315 -490 -323 612 
59 653 261 132 -917 269 -639 614 -645 -330 799 -895 -155 999 -786 -44 -90 -182 835 226 -591 -316 -547 -920 -871 831 853 179 -924 403 779 11 512 474 560 384 271 437 -183 -763 82 976 779 517 -266 -742 -20 -74 -727 256 -14 -961 -851 655 865 164 656 427 649 850 99 613 571 509 665 -948 319 962 -481 -973 66 901 624 -461 -984 -117 -713 -398 -433 373 -801 -611 970 362 -823 558 315 500 -732 707 437 312 538 -161 -747 873 -245 458 -8 949 
760 -662 904 -377 669 142 -162 -187 -188 165 831 985 -582 982 314 -214 124 427 809 839 582 412 -350 -58 -316 25 590 338 280 558 -821 -747 -982 -131 258 -939 -517 360 -591 542 22 60 946 -771 585 -919 -957 833 -715 -550 401 2 -408 -985 855 -185 607 992 -566 -338 -173 36 848 439 -331 351 -850 796 899 163 -404 163 82 974 563 -233 175 980 40 -361 347 -924 651 -118 356 248 -318 946 754 -782 564 -566 -176 190 8 -899 948 79 851 -216 
973 -295 471 650 391 243 815 -993 338 -791 -67 -746 106 557 -403 6 -28 -931 -243 -294 198 -918 814 -850 710 -715 -515 143 916 -170 -259 -627 723 799 253 921 117 -76 -928 584 345 -56 -819 495 337 -220 -721 -97 -180 -839 716 6 -833 -675 639 564 -252 -254 880 147 -809 96 816 -214 339 122 -41 -925 -112 -356 409 980 25 -547 780 120 -877 -484 -806 -771 -727 -359 -766 -437 712 -487 -768 -307 -213 194 -16 810 62 926 649 -534 974 667 -412 752 
-492 -520 -219 906 394 -536 -45 163 306 490 745 238 -119 -174 -202 883 -777 954 -164 -245 -569 -200 -782 -351 956 -848 -680 -139 721 106 531 -51 488 486 -843 53 498 -776 491 108 -155 -89 -234 751 -129 -998 38 855 -546 420 -932 -979 472 400 802 -357 -256 230 -645 -665 219 -56 396 -627 747 665 -953 682 614 -585 110 -182 -47 974 -44 343 -893 -56 72 95 639 -76 -233 -254 -26 -296 -690 -144 363 -664 -546 -395 359 -371 -766 -343 -789 -92 207 -913 
478 718 -836 -503 982 445 916 -161 -318 290 372 -315 970 247 397 427 968 286 -134 607 -428 130 359 260 89 -357 -69 835 -319 -165 -514 330 306 927 -380 -646 208 94 -340 -607 836 -317 614 -579 -885 537 756 -2 681 570 -948 103 334 458 -26 -237 849 -571 457 708 -981 373 -957 -848 -854 9 409 44 -962 -939 -372 -930 278 919 227 504 -636 -351 638 418 -846 -945 -596 681 398 198 -865 490 803 -336 -592 -871 -275 193 633 -938 -243 777 -671 -468 
-271 -191 -815 67 459 237 943 -198 227 -822 692 401 199 -762 -790 -368 -133 612 627 243 -39 -746 87 -14 284 302 -120 -359 322 -557 -882 -98 -758 -953 953 820 944 436 -925 604 -113 -319 -944 624 637 558 68 -989 859 -995 993 693 285 -417 -95 192 362 435 251 -356 899 91 873 919 -272 -105 -461 417 974 -609 -375 -483 79 -222 -212 225 -697 701 -474 -898 -428 -358 -587 469 -206 -625 -672 -496 380 644 -773 -408 415 102 740 289 132 795 -269 216 
173 400 -41 -729 -633 -793 -248 973 847 992 43 234 -871 -614 309 731 736 21 800 116 -600 796 133 -263 244 -426 -867 -851 701 -969 735 719 488 -327 -398 0 -467 -915 -999 -729 -483 561 620 523 408 -575 -992 644 623 629 -808 -67 -413 -994 203 -484 618 322 -830 -270 -501 -720 -790 -763 712 402 -308 218 897 58 56 2 -556 796 598 -142 425 322 836 -22 783 594 -909 495 114 90 -523 822 -236 -508 -462 711 -22 -825 362 795 -449 812 46 -705 
-572 -352 -765 -557 -897 -711 381 -73 -573 -612 266 797 -771 -496 482 94 -140 202 85 -197 807 -356 -848 81 -614 627 -885 804 363 -574 820 -99 -665 334 886 734 -789 -738 281 294 -646 499 -773 -309 914 -736 339 461 322 -454 273 725 357 -463 -44 -174 -613 615 -912 156 -681 -263 196 -624 -784 577 674 -944 -136 -906 -425 -208 795 -402 783 -129 752 -891 102 191 42 514 925 -793 -273 -66 -70 389 362 74 893 345 -104 712 -657 584 319 -366 -437 -574 
350 901 -1000 555 -513 685 -805 -10 -562 -491 -173 776 787 -393 501 -457 107 80 417 -798 758 -43 -303 -431 234 569 -737 468 30 100 -516 -645 -112 -896 478 466 -30 -293 835 907 -956 -427 -487 901 -923 771 929 -576 29 813 -644 254 10 422 -566 842 758 940 -995 -871 -316 613 -325 -42 -765 -789 -210 679 -465 959 155 -358 432 443 -707 544 396 -139 -90 647 453 -241 -596 59 -840 -72 794 598 271 -670 751 -715 -375 -873 550 29 661 528 254 53 
727 408 190 -803 755 531 487 -889 271 897 -306 -52 677 859 745 886 510 -364 860 -127 -934 -784 -501 809 959 -278 877 -838 -323 -474 -654 -412 -241 597 -150 259 936 393 -144 -671 -320 -666 -2 -341 -386 390 937 791 -677 941 -296 34 70 397 779 -372 -48 -319 -578 -146 -567 -359 -475 -777 -167 -797 -80 179 623 691 -668 -285 888 -176 -629 -835 324 -771 -727 356 220 533 -80 -453 439 760 100 -525 919 87 -278 2 -666 -103 -158 307 -818 -252 566 -3 
144 422 -749 705 -891 373 879 -705 -939 91 -565 -820 925 -101 -125 530 -184 -530 -272 165 523 -583 131 -502 543 -90 401 548 204 103 216 904 -325 -943 -445 -715 781 -905 340 550 -758 638 632 187 800 -471 -846 123 -397 347 -574 -362 22 950 868 -248 -18 -40 794 309 708 -907 61 -81 -559 996 859 -337 -428 608 -777 -196 782 -438 -728 -741 -61 491 -522 47 545 452 57 299 -303 -939 -27 -202 993 -168 716 -607 785 -678 752 969 939 15 -48 -892 
-941 -120 230 125 -980 -267 316 690 -308 -207 -144 573 -697 216 -737 910 -758 200 340 -963 540 -726 -141 942 291 -170 928 -208 501 -260 -144 412 -856 -552 947 -510 13 -712 -763 159 161 565 -754 -313 715 -148 -77 51 624 585 5 626 -784 488 -143 899 -227 -880 391 -321 837 -190 571 -410 -889 -99 -310 -381 -554 732 115 15 -232 243 898 -845 459 160 -822 899 -690 -184 -941 190 654 496 697 715 115 694 436 447 -90 108 782 702 -857 348 -840 230 
-644 -732 576 -933 -102 813 770 921 -53 537 -448 108 182 -129 -23 62 699 248 923 177 -342 -389 -220 897 -52 738 703 -478 601 531 637 -904 272 399 416 -920 -5 945 417 402 893 798 729 -859 408 -976 -240 -969 420 368 -892 60 -260 446 63 -782 317 340 529 201 -771 -395 -830 328 855 208 -490 -417 -79 336 311 -147 -961 238 937 -367 -496 -686 366 916 40 -503 -580 -489 -571 -778 383 847 -825 -189 -29 -640 796 -570 -422 186 911 14 -778 813 
-778 923 -549 -773 -800 943 992 -470 -499 337 126 -99 -745 987 756 74 983 -201 -571 455 911 557 913 -249 621 -145 443 -206 475 590 804 -798 916 188 79 -463 816 -372 -787 -376 465 470 138 -67 201 196 -82 724 -718 -415 297 579 -290 93 612 702 -779 538 -529 171 135 -949 248 -254 -492 -985 182 -78 -360 -221 -89 -130 400 702 105 513 925 -847 -570 -706 380 683 570 -740 -675 146 -639 -807 981 -207 153 199 -283 -783 879 473 508 14 32 208 
-244 -404 -697 262 443 -109 632 -319 -951 -163 328 -803 730 -579 416 -523 -56 -929 -465 536 -847 306 -994 858 271 355 682 951 646 -35 -457 595 292 194 49 -915 -311 745 647 705 -512 -173 -883 -526 -399 -956 -290 -762 951 -168 -114 -578 784 -768 317 -418 -775 12 602 -911 -311 90 -52 -185 -546 465 -817 -764 880 -98 -482 741 -125 109 839 668 -806 583 -176 -452 -281 -513 -597 -910 -431 -204 833 761 -780 -868 329 -405 -202 4 -50 -967 -182 -412 -990 5 
346 422 445 -962 171 -523 94 -112 98 183 336 -453 -466 102 -825 969 469 940 -43 361 681 383 -908 216 60 878 -680 -613 319 -577 -508 -329 -80 -993 312 952 358 313 -690 516 -617 459 -25 500 192 -155 -409 -395 -38 -354 372 -750 -817 468 255 -361 681 9 -753 151 -137 276 -718 144 -533 -825 -974 -62 419 -803 845 -354 86 71 700 -50 648 817 -381 302 -350 825 -286 448 169 -152 -280 -662 -189 796 256 -672 -789 -984 204 -38 155 -176 73 459 
988 216 265 -362 446 75 -977 828 992 -253 670 34 -478 -86 -985 -383 -882 530 312 -514 -27 580 -207 -528 328 -677 948 -326 970 -14 -1 842 -920 -122 -944 545 527 766 329 -391 -102 -412 280 485 370 74 819 686 -826 -988 -810 838 -791 684 -43 849 -642 -857 289 -552 424 189 -554 -751 -234 644 792 918 -648 -800 -696 -566 763 -86 -112 -108 726 -202 681 -871 623 -467 683 607 869 797 -231 631 -184 976 -123 -248 -749 -960 117 984 -397 544 -75 -273 
-835 -333 962 880 -857 -974 -167 -307 -626 447 -102 -949 232 -820 -259 189 -169 -804 -52 -14 325 63 -746 -875 -191 -575 706 271 121 -901 520 -168 134 199 -776 -130 -725 574 143 -238 -974 -598 253 -913 -339 700 -899 983 186 -835 -613 291 754 998 755 -90 -619 278 89 750 661 -163 -731 494 -518 -757 -198 -520 -657 -681 -26 -334 -72 488 -185 453 -47 385 26 744 -339 -205 903 -888 41 274 -479 422 -212 517 -705 -677 -60 246 650 -75 -511 -629 928 -62 
-86 -254 -351 -464 -711 442 485 457 472 -621 -288 223 -64 901 61 -590 -849 -781 -956 576 -430 -223 -199 430 -422 -997 -834 -658 723 86 940 297 -186 -981 855 -746 973 -727 -196 440 -38 444 730 -334 847 519 131 -476 -496 -294 317 -37 982 747 -148 313 -205 -406 10 -827 -603 -331 -258 -101 611 -599 -580 455 -225 977 -172 -895 -765 896 -390 189 713 -113 -63 -991 -677 789 -838 -874 348 911 -255 315 669 312 -809 976 -9 777 196 743 697 -230 645 -870 
820 -394 -569 -395 968 -885 232 -694 965 -415 405 -689 -987 272 -661 460 664 -921 812 -921 705 843 540 -976 -99 -394 -699 895 727 419 394 858 373 -98 -173 951 591 -323 -877 18 -592 -783 721 486 502 230 -143 379 642 -544 -194 272 887 541 589 -651 -627 171 -344 723 23 -680 424 631 -760 -936 -978 802 -948 -109 -749 956 -943 -851 613 354 675 468 470 -964 572 332 -6 263 53 258 854 141 -708 113 -410 -41 910 -14 71 -263 -131 329 908 -99 
503 95 916 -213 -767 991 651 270 550 222 686 -77 144 -833 -547 344 -7 16 -249 -377 726 557 493 558 -263 974 -862 -874 -749 317 -611 -135 611 -954 -426 -488 658 -642 -585 -726 -729 361 -278 -35 3 159 126 -608 -360 278 71 -943 903 657 893 680 -166 526 588 -118 76 -993 -990 618 -720 547 -490 251 974 -464 -257 16 -568 -354 751 837 863 -710 -728 185 -74 363 326 -711 -839 186 -955 -849 765 709 -6 968 24 415 -29 -697 -116 697 -436 -274 
-599 -52 -230 251 333 -765 -896 -525 -64 -671 -206 -459 -248 254 -979 -901 -649 -626 765 -199 601 842 -503 -451 -45 632 292 844 -991 -74 582 -907 -975 -51 -874 -493 -454 -127 -950 340 -337 -765 921 -263 -863 -994 -264 632 200 158 732 593 188 177 -170 365 508 -842 -595 392 -419 802 -570 496 667 971 661 774 -97 -627 441 -120 -923 192 -475 -440 -644 482 234 -5 888 -619 -949 812 -551 -223 101 791 319 53 -83 -664 710 378 988 -149 914 -386 681 219 
-297 -574 442 379 596 -133 -880 -184 644 995 420 620 -234 -360 -985 -698 410 -901 401 -981 -874 561 -96 354 -128 120 -75 734 206 647 -906 832 -532 -432 43 -196 -874 -964 -458 328 65 -359 261 -4 74 9 267 544 -418 -532 446 -534 523 -555 63 667 -536 893 -767 -199 221 96 915 260 311 -742 523 -984 945 -987 774 -752 -309 701 402 870 -429 -509 -523 -314 585 882 889 -37 -687 234 588 827 846 999 -611 533 788 -242 923 463 449 -873 -705 -733 
592 -514 -121 -700 718 -509 -323 -713 -636 4 -4 -744 -504 914 879 568 585 -348 664 -622 -317 915 334 -782 -731 970 -840 338 -768 221 700 -950 -193 587 233 -591 -524 -656 -726 -976 -113 -938 708 -188 -886 -940 -7 852 433 393 -748 45 12 -286 -683 298 -212 155 225 -234 191 573 165 -940 676 391 -287 422 206 852 -553 828 -584 -323 -405 520 -926 -369 767 -865 -224 -914 637 230 451 -188 -119 -970 26 744 832 276 736 -797 992 472 -644 -269 486 -375 
-22 -148 -961 -263 -112 -485 310 -137 219 320 -422 346 640 -31 -908 -461 -91 -939 61 -481 -574 239 19 -8 -625 228 57 -737 -756 374 -430 587 -703 710 531 61 -902 104 537 852 56 539 -216 -153 992 -196 417 861 -8 637 37 -884 -344 68 265 -6 -808 146 53 -915 -372 489 98 241 -707 737 -175 -716 -625 -456 867 -43 -156 675 -907 -793 786 -588 745 494 -69 -472 210 941 513 262 482 634 -661 668 49 -139 478 -649 934 115 -793 -354 525 -565 
2 -441 -302 378 -392 782 -558 481 991 466 -461 596 626 -31 308 415 -72 196 -800 -82 588 879 -462 379 -826 -952 -736 70 -213 661 794 -744 -60 632 721 -652 -565 -497 356 -918 -698 -266 -170 364 877 -522 -699 263 495 -592 -948 337 30 -693 768 484 560 337 206 -810 975 -638 -472 -843 511 -281 548 586 -334 -240 502 198 -262 566 28 344 529 909 -573 818 743 1 237 -906 -731 521 -116 36 -113 535 -129 157 -655 -498 56 -34 621 -567 493 -514 
-460 -441 595 881 -927 -656 942 409 -176 -244 328 -301 -206 429 -852 253 910 -417 375 168 -410 536 -410 730 -247 85 0 321 561 -980 -281 -353 838 321 492 710 848 913 -386 220 960 189 -653 228 -267 643 -544 803 374 -991 407 -319 -936 825 853 397 -813 298 258 511 -241 803 916 312 193 813 969 666 -302 272 -875 645 -656 -213 931 145 648 -606 387 142 -567 -970 -484 -614 -504 -586 -953 506 -162 -358 -897 -51 -373 -280 -985 872 -59 234 -874 -130 
194 632 167 -89 249 -179 471 -422 338 775 -497 180 772 -391 -435 -424 -854 -845 -47 -163 -919 -936 -948 213 -303 -334 691 195 -659 -645 -380 282 -427 637 -674 -672 -114 140 581 691 624 248 293 79 -883 -762 120 -302 999 -705 18 890 -335 -335 -320 -963 893 598 -286 -424 -14 253 723 -965 -90 -954 845 -921 172 -432 -586 267 210 -703 -159 800 639 -71 -510 -507 656 -626 250 361 540 438 232 448 -310 -555 -56 -139 216 423 -927 -993 264 -166 184 -440 
1000 -676 420 -754 -16 -952 373 700 -141 134 526 -287 728 -807 -295 -482 350 -190 -426 922 904 -727 -542 -324 -937 -285 -272 -776 433 -295 -379 -447 -126 63 575 -444 -433 516 561 894 -479 -966 97 910 251 813 -801 597 448 618 -71 -739 350 -839 -321 -937 300 426 600 -57 -92 2 782 -798 -302 504 -851 417 -947 -756 -381 322 -242 955 -653 783 -48 199 -360 711 90 17 -585 976 436 -240 609 -263 474 -661 -975 13 230 872 654 -784 -500 596 -598 -83 
679 300 746 729 878 957 749 606 -776 -338 479 -164 -708 270 422 -34 -874 630 554 -90 -596 -682 485 -967 -454 -215 -39 -160 -245 -307 401 -39 89 930 871 -138 -738 -841 -713 -854 -558 594 -95 236 870 -505 969 -928 338 508 -132 548 169 839 -378 890 889 654 -558 -370 -246 -549 478 -329 847 -619 613 328 -197 29 -577 906 -919 -357 -168 -318 -59 1 690 660 440 953 -909 176 741 872 307 246 668 -978 283 -391 -728 363 -571 234 -295 795 431 390 
659 -387 -185 914 523 246 464 -450 -103 743 219 725 642 368 -249 -533 343 -153 -596 -956 -945 369 -547 268 130 -180 -962 917 951 48 -159 616 -176 -448 -81 632 -946 -770 499 154 -687 -817 -100 -57 428 -131 -619 -12 -485 481 -33 -489 -696 783 -201 -1 283 951 -326 -141 416 257 -766 -449 889 611 -66 735 -284 -599 231 886 -749 -734 335 -255 -797 -186 -85 310 -406 973 -469 655 181 -827 197 -432 -511 -894 -40 -443 495 797 -690 256 811 -405 134 407 
-120 10000 -979 492 -487 -909 967 893 -905 583 754 -264 -734 -941 -856 -318 889 86 291 950 -182 -922 -603 -414 -351 783 796 -387 363 -879 856 -661 -338 193 -293 -243 -667 100 -564 866 -886 795 196 135 -382 -157 960 185 -704 -964 868 418 373 728 -896 -640 -943 -75 -506 189 777 -419 489 -210 -937 872 385 -217 225 568 -802 -852 -312 -684 -14 -410 369 96 769 -239 441 -118 -355 142 80 622 763 -780 643 705 822 6 -98 814 -154 -130 164 711 -114 284 -873 
856 -799 -387 -65 -97 542 0 -516 -813 286 -337 -225 -399 38 -511 -338 456 498 -869 360 733 886 526 -467 -607 779 -985 -224 -907 -988 845 353 -752 564 -187 -978 -408 -235 -646 141 -238 -822 93 -919 -965 545 41 -63 -954 -568 -447 -510 -39 361 22 -735 101 621 173 -368 757 587 745 23 988 503 -897 361 -350 -412 -452 642 -788 -954 709 -777 -878 327 981 404 -266 -164 439 715 -737 -482 -903 -163 835 -752 151 -961 614 -685 -203 -643 798 -527 306 -121 
-826 -777 -18 883 936 -48 -919 -563 577 -242 78 664 -642 534 403 -860 -561 -263 895 448 -925 294 -82 31 -550 610 -384 -858 -702 973 368 356 -601 -984 -210 -302 520 825 -821 981 -390 -271 883 -480 815 262 -750 -793 165 -41 -73 -504 -605 919 -356 -894 -263 398 854 -899 375 -75 861 -812 -46 523 499 -382 628 36 76 -583 -652 -367 -780 805 -67 -472 -970 -679 -923 -697 -259 194 12 866 17 -625 -585 731 -952 470 -19 -73 387 -485 -231 -280 153 774 
-558 313 -873 495 835 491 -913 87 -772 66 -692 332 188 291 762 899 -347 170 354 -653 -578 67 -224 663 824 -549 -814 515 521 -384 -437 -188 93 -931 605 634 896 -254 -312 458 31 -358 -430 257 -426 -411 -924 -647 -55 311 252 251 -234 674 -726 77 -884 271 -573 443 -871 361 421 181 -144 798 -124 -713 685 313 571 -538 -490 -386 686 -397 -535 21 24 864 -592 56 256 405 -480 111 467 -12 -12 691 213 -502 634 876 223 -951 999 -446 233 -631 
102 922 -581 -455 246 453 624 -227 298 -667 344 262 601 -384 -698 650 349 505 -817 -146 -118 -30 -809 -324 -669 590 -413 -905 934 647 714 -72 -566 -325 515 708 -317 -955 108 -845 -586 -872 -575 603 181 -520 353 -308 -368 -107 -909 148 146 388 479 968 770 170 99 -787 380 86 -769 801 784 588 942 -577 418 531 -338 684 -512 -999 969 -195 -735 705 -211 -360 283 -659 -132 -459 723 305 -310 895 -905 23 244 -337 -264 -19 -866 788 249 33 -237 172 
236 419 758 -548 -619 -358 248 451 -419 -746 604 806 739 -800 781 76 -621 -934 336 810 143 -527 588 -208 128 870 521 169 467 -570 -932 549 155 706 -819 325 -676 682 -133 -309 -812 543 -566 -523 217 -877 527 972 -840 176 13 246 666 -268 610 -973 -748 514 70 -504 371 593 948 796 -171 426 337 -75 -531 893 643 105 246 904 817 -594 525 -675 -564 957 66 -429 243 -526 371 -817 -11 -732 -831 869 -563 927 120 701 -450 714 -670 103 751 -1000 
-308 -861 508 -164 -430 556 825 716 -452 -473 282 -471 -17 -48 9 -483 -749 -728 382 222 563 484 275 161 724 555 -137 102 -565 -328 308 924 617 876 453 110 -272 -397 -582 177 980 -609 890 174 86 631 481 -40 -121 -971 -64 378 -949 293 -690 -705 -349 -824 977 815 66 -407 782 -510 541 413 623 533 -289 -385 -705 711 -111 -587 -568 -552 -819 -762 605 -969 -921 -763 -757 -398 403 -799 893 121 -629 748 -2 469 -433 -210 -576 -118 -812 -764 -947 210 
386 -74 784 -5 388 394 412 -994 384 -602 -231 -905 -716 69 52 223 160 29 -183 143 28 941 -90 456 -735 -429 489 -533 114 -878 875 -179 -325 -986 -398 872 406 96 -68 755 -413 -515 530 784 931 -302 -713 -347 -844 479 -794 459 -951 503 102 -731 -656 -777 -626 -55 756 -175 -548 -413 -185 -500 -903 -442 -961 -635 -324 212 492 -797 -681 566 -249 -385 523 -613 -482 -148 208 -453 172 759 -16 -223 252 796 72 132 685 -29 357 -734 539 701 -855 725 
-407 -648 829 762 -348 -114 956 -652 823 267 69 556 -91 -245 -733 -787 -422 -630 -341 -240 608 79 191 954 917 232 72 648 74 -988 801 -25 -901 355 -64 417 -48 837 270 -317 -293 232 -255 -686 344 -986 -282 732 -854 941 44 434 -101 -249 470 -640 539 -433 660 335 630 -705 588 944 847 -451 411 -280 -958 -845 893 -376 -972 728 -679 678 -579 818 -655 -15 -430 -772 944 -676 -546 773 -370 -861 -520 4 528 -484 -721 148 -34 124 209 -577 -600 169 
-609 -587 464 -369 783 -414 685 434 -258 768 288 655 -995 926 -829 -7 234 -547 -663 500 -160 18 -51 -392 779 -850 970 885 342 683 -512 -827 235 -396 -298 -458 -327 -330 858 219 -477 -665 579 148 -315 -796 -880 548 -145 482 -921 -725 -461 -852 -507 651 -735 340 -972 -452 900 487 -701 226 -960 241 -499 919 -226 106 -379 -784 850 786 106 -947 934 -13 -454 -144 -98 -192 -730 700 824 -483 -913 -795 -495 871 1 -573 164 614 -158 -411 -979 -823 -651 408 
443 -578 319 -988 876 379 317 880 32 195 213 790 -704 54 423 246 783 -563 463 -920 -77 614 -438 721 36 -150 832 188 21 552 335 -673 -358 -6 7 -331 46 -36 -953 553 456 -792 -533 715 -403 851 -724 -652 894 438 929 -485 44 -107 -604 -74 237 -853 -380 -587 385 -311 70 171 -51 -878 765 515 -34 345 97 -65 -88 -886 -738 345 -945 816 102 268 641 501 504 -767 -487 -58 -393 79 -460 981 -8 836 724 -283 -566 -636 723 -658 -31 813 
-57 -772 -769 -930 946 -674 471 -748 246 -906 880 -242 -251 -799 447 -663 -372 -431 921 468 -280 -113 -17 -10 -40 -342 -966 271 -885 615 -265 -297 525 241 -461 995 393 936 85 -75 -718 -654 962 250 560 -126 -867 -644 -884 -123 399 264 128 284 622 -789 673 183 -48 685 520 -757 729 915 226 -394 -178 -265 -958 252 295 -272 -645 -907 -708 -482 559 181 -329 -188 314 -971 -178 -858 998 -7 -587 886 393 983 -610 -235 -144 -343 422 -73 850 -364 -643 263 
-726 173 -459 983 -250 -798 511 627 143 -137 -623 880 740 -245 -616 970 -872 -766 -130 9 -193 -277 -761 -581 -452 398 909 87 -259 -279 -627 -142 5 -225 -506 149 -819 -151 -322 -962 854 -969 -940 -526 111 -126 -266 415 -557 222 -99 42 -975 -185 -244 512 -612 -798 598 -962 -345 -261 153 -909 -359 -807 -762 633 774 -494 -963 29 -609 525 798 743 247 -760 -548 -736 695 -693 990 -254 268 441 -695 977 639 151 -881 744 943 -932 -617 -600 -957 739 299 -952 
586 -294 -515 245 447 -244 -142 -13 -163 924 518 -216 -870 -467 145 513 529 -228 -962 242 916 249 -804 -857 -177 -823 460 -187 654 119 57 -703 -437 908 -952 -186 -267 70 407 -36 -99 532 -275 601 -696 120 698 -991 77 697 -719 274 90 -62 -120 -243 560 -175 -735 -146 -566 59 -720 -761 -343 771 -859 653 73 -596 655 983 968 600 462 -94 -491 -250 -567 -985 162 55 979 -53 -529 207 269 -333 718 -276 205 -405 722 368 433 384 129 -777 -482 242 
-347 -843 -224 -210 150 -590 77 -951 -728 769 220 196 498 202 474 791 62 -852 -393 -516 -803 643 -569 -868 986 -773 -580 -520 -72 518 165 597 524 601 -55 -377 845 -52 848 656 -50 111 344 -357 380 -744 922 -181 248 139 -380 -288 -359 -881 273 -816 218 301 99 650 86 -87 655 -567 -776 111 -675 -301 -573 818 -121 208 694 -470 -279 -412 -429 232 -637 -414 -496 11 -661 -682 -884 -907 -246 -894 -173 -528 942 388 -265 864 -839 -498 998 201 8 -527 
-862 923 -132 925 552 -576 -777 687 -329 276 978 346 -190 -300 -126 -545 209 105 465 -944 -315 379 815 586 804 -250 453 -740 34 184 6 -781 -408 727 -329 757 640 -470 -355 350 62 810 165 681 266 -710 -976 -920 4 132 214 999 737 473 435 691 731 -837 276 -258 239 234 -296 -334 394 -605 742 773 -88 874 -727 -943 809 -377 580 100 -727 -902 689 23 -9 -364 -954 708 -344 -297 485 763 579 558 -404 -47 32 -64 539 59 -497 -696 -220 -801 
399 -590 -77 827 -934 -488 -135 863 -97 -715 -404 897 933 709 517 -300 -598 76 -137 46 -636 -864 317 -35 -806 463 829 -788 990 731 -418 769 -932 -122 -865 110 -696 -980 -795 875 191 -135 830 452 393 -928 -992 169 607 437 101 -913 -752 -708 -552 575 306 651 227 -106 648 -397 -603 -422 8 534 -934 -498 6 -530 308 -706 -238 696 -220 628 42 -324 -880 -329 708 623 -922 228 181 214 -878 -485 412 421 -337 -286 689 710 92 -57 -344 276 214 448 
217 -196 127 -128 -328 3 -470 66 947 726 -587 469 -23 -461 -12 -586 -985 -617 983 -254 332 224 78 212 774 197 -512 36 575 135 -783 427 -694 -195 -440 -64 -247 -451 48 -264 585 -802 653 -398 630 -676 -785 66 250 855 884 -914 -421 942 -648 -720 206 -478 461 -589 -717 -755 -494 176 -992 -747 89 771 -787 733 734 -16 809 -257 -540 105 -639 392 -246 -287 605 -54 -614 767 462 -199 310 130 421 788 191 342 354 676 379 372 680 -938 499 -552 
981 868 -470 -554 358 -543 762 694 798 -989 440 875 -88 -355 -450 27 699 -842 543 964 -679 -871 142 -331 626 -408 -951 -335 -249 719 680 99 431 199 -358 559 657 516 -642 959 -24 581 -548 95 242 -594 -342 681 138 -487 601 308 -386 81 -938 464 843 792 405 95 347 245 -564 717 810 -775 -263 -822 -142 678 13 -326 -566 900 143 654 978 311 -187 -740 -523 -299 -383 -262 198 -63 -876 377 924 -292 -382 -409 -974 971 -339 -835 182 -659 -100 -861 
-297 -859 -42 572 -160 711 259 291 -640 602 603 614 -619 679 474 -68 -649 555 -190 -296 58 977 139 464 -72 -298 -987 -54 -206 397 18 -185 487 -178 277 -687 232 -376 540 -765 157 940 -352 -68 -775 380 -374 604 -436 -102 -118 78 -128 429 945 28 649 482 406 -925 -840 -921 452 -477 -693 -657 -602 -967 661 48 -267 -944 -754 -228 970 -954 986 -349 -766 -267 -992 -482 792 -423 -150 953 761 -893 416 641 -837 158 -109 37 98 597 -577 -612 878 54 
-290 349 -684 -633 -362 789 -173 -547 781 453 911 58 -287 194 337 313 -609 863 27 572 -818 875 327 -441 559 312 -46 -714 38 92 933 -640 -187 -318 777 -884 -160 128 -978 -984 642 -648 426 832 -315 -77 385 -77 373 -486 165 169 214 -996 316 630 773 387 -871 266 -991 170 -856 553 -287 -253 -579 -808 608 -181 74 349 -357 85 54 182 108 -271 937 922 -588 -578 -909 -882 256 -274 -622 -507 -423 48 353 715 -764 -653 223 -65 -144 220 5 677 
-110 551 461 -268 896 202 -614 819 366 13 688 362 -968 354 -96 177 -348 -961 237 474 -282 -502 35 865 -319 414 835 -163 263 -918 -423 430 -75 -613 966 -659 763 -781 399 -48 -130 360 27 541 348 300 -431 396 -913 -490 50 362 473 9 913 -200 -459 17 991 901 -255 791 -968 120 -449 461 56 -295 -626 -449 955 -5 678 -267 129 -343 743 -962 -848 -619 866 -614 -733 702 668 547 522 716 -273 755 283 686 -12 767 -293 -621 -878 -956 408 -489 
150 807 445 180 -267 -933 949 665 -727 -430 -538 -795 -880 -254 20 940 851 -949 -283 638 -949 -870 -872 -65 791 957 -641 793 -146 -569 -369 -16 556 -932 111 -901 996 -595 741 450 357 96 965 -726 529 -616 -447 914 -880 -737 559 135 -530 -8 763 571 915 -654 691 -871 -209 924 71 -879 -282 837 815 -144 858 200 -349 -388 -186 257 572 -126 -460 -257 -671 51 -407 -706 -313 846 -320 924 -674 897 351 586 -462 -59 211 -714 -816 345 -340 -545 331 338 
711 -225 -876 -749 154 49 -685 346 -742 581 818 431 -500 371 -298 -629 676 -889 966 887 -934 -808 -955 -668 192 -27 37 -823 47 -818 489 -439 -507 935 769 265 56 -221 -377 482 59 -713 672 31 -869 443 394 882 808 -800 44 835 865 -363 90 -353 374 758 -289 -444 -280 -962 199 455 681 -246 742 -20 -764 -970 -170 10 659 -196 -752 -122 833 -381 -847 886 896 692 -448 -305 753 -103 -915 267 -831 370 -743 -870 -522 -54 -949 -142 106 -641 -624 325 
-834 450 907 249 -500 -198 -968 -273 913 -791 998 -461 -985 -868 431 219 606 -539 -916 28 -767 482 789 -95 -695 -57 842 900 486 -204 192 -200 819 318 542 342 -409 -426 -240 339 825 -729 590 -842 -696 -959 -95 521 927 337 875 590 -779 535 476 -282 838 850 653 830 -167 -568 620 721 -294 -476 -970 -360 -362 -785 543 47 275 768 -719 964 106 -478 -724 693 90 929 859 -796 -270 -96 224 39 871 557 -467 -256 160 -696 411 -911 -87 -881 630 851 
-724 549 565 490 -377 -202 67 -579 -529 -254 799 -649 -978 -71 887 893 -668 -102 471 124 939 -867 219 206 -731 730 916 476 734 310 -257 -548 -795 -752 796 806 472 -620 124 561 759 754 -416 483 -704 844 173 233 -937 -727 -539 -863 -476 -356 22 919 -908 -22 -834 369 -83 -769 -23 206 -845 11 -166 -588 -356 399 458 487 930 448 -236 778 6 554 255 -855 -115 -760 -988 488 -218 -88 678 -926 177 -525 -2 564 609 -129 -186 -810 567 115 41 609 
203 29 -324 -455 -194 -566 -698 -291 1 -681 -504 926 -556 -853 -381 -786 -833 -684 -701 -753 -291 -310 614 553 -423 568 -151 329 -945 -46 547 -875 10 72 24 -102 901 684 -349 -122 -405 -971 -113 681 464 -64 -602 924 179 -109 -172 -195 419 456 -796 107 835 -873 -134 840 96 676 573 365 452 -486 -500 248 628 257 -973 863 841 -623 851 -517 169 -556 598 -720 504 -650 -643 -942 -942 31 686 -210 -1 -668 -248 -232 94 -201 -362 234 -87 -987 998 -627 
533 -518 475 775 -559 287 284 343 -989 -620 393 -417 -322 -977 -62 -626 916 951 -326 -222 440 671 949 -773 -254 -285 306 931 955 3 848 159 -484 533 118 398 13 786 -726 -404 204 943 -232 793 -960 361 868 854 477 -95 -73 38 -370 -705 -816 -780 -256 -46 -669 721 -545 387 640 748 381 426 -204 -175 -665 -886 596 -891 696 343 207 106 856 955 -180 657 577 293 -904 412 573 -113 25 -820 179 603 -563 -85 613 -188 834 -158 114 376 404 102 
940 804 -645 -565 -432 -25 452 -222 12 580 -93 -484 -859 268 -526 -945 -382 -447 -15 -808 375 -362 -191 -932 -438 949 852 765 314 731 -68 -660 -966 -605 -775 616 -694 665 892 634 61 853 344 706 -293 688 112 -469 32 355 315 860 -979 -111 -454 721 -252 -619 -490 945 -95 -185 962 -328 63 807 -362 980 915 -904 -298 -115 374 776 -336 -406 -419 46 -712 -360 -398 893 324 -474 -459 -659 -886 378 842 371 692 -722 750 581 275 351 -222 108 -237 -430 
-616 -427 -436 -894 315 -984 -380 995 -751 -181 -332 571 -815 893 72 -54 -404 -845 753 128 259 -717 -70 -35 204 -794 134 -755 935 265 831 -299 -336 53 -672 -272 -22 455 834 272 154 391 -203 513 -54 680 -836 481 -514 425 -771 -618 -788 -883 -247 -313 -362 904 -448 -631 165 395 -82 -811 -194 -942 453 283 -285 60 265 -568 -167 288 699 -817 282 599 563 -568 -591 719 948 -511 902 -484 -167 655 79 287 936 681 72 -144 -691 320 -619 185 -645 658 
-619 -965 -585 650 -46 718 554 -382 -863 -715 192 -918 996 -958 45 -956 221 -473 268 214 485 -196 999 -66 -320 575 0 -107 933 -742 92 -318 -125 21 228 215 -452 795 782 49 -471 748 601 385 -454 -585 333 -963 -631 -513 -240 -46 -251 573 -327 80 -497 10 -115 -971 362 486 -433 114 874 -64 735 342 506 -628 805 922 -517 -563 18 -242 -471 -95 -726 277 185 264 129 405 581 105 -503 -511 545 287 713 447 598 737 766 -240 -240 -870 -336 -797 
30 -492 95 -910 459 537 -850 872 -696 -131 -171 -609 468 -913 -517 176 -156 978 700 -98 -498 308 833 239 391 230 913 -6 230 492 547 -606 -831 10 300 444 -984 804 -353 827 -293 -949 -667 289 -918 -374 78 860 789 -384 -768 -563 650 -6 937 303 296 -451 823 629 -654 942 -710 727 -706 -255 -410 921 -280 -755 163 -13 -293 -788 -33 -22 7 53 -543 887 53 164 -807 -246 960 -701 -331 -339 -869 542 -627 165 651 -506 488 325 -672 619 796 -525 
-580 -824 -942 -424 -105 366 238 -691 -785 94 -415 -457 387 546 -471 -479 -318 28 -386 126 -117 -678 532 756 608 -921 -51 -196 606 -817 -990 -802 581 438 -415 731 -569 482 -459 -751 412 316 -718 375 -465 467 895 642 -908 -55 -331 72 337 606 554 542 -179 181 -797 -556 -35 -950 -77 585 685 -561 -505 232 -836 -259 -895 -170 -972 829 -333 940 314 -421 -798 906 -965 394 -986 879 -262 -590 -795 -926 316 934 -815 -427 135 175 -274 -890 -739 353 801 -326 
299 552 -470 -417 582 -211 946 526 451 -408 -32 -73 278 305 389 -629 -914 190 -979 347 929 -101 440 289 -616 -885 179 170 979 775 -480 -397 -493 -573 -777 799 -707 330 956 451 916 399 937 383 -763 37 -531 -804 -393 -331 565 170 -247 -430 -379 617 -324 383 -78 -447 -423 580 -879 908 -709 742 664 -325 448 768 790 820 -428 370 -870 952 238 -151 322 -954 413 -906 900 838 -67 295 272 920 212 708 -70 228 182 200 503 -56 912 -168 893 -602 
750 431 459 250 231 315 -498 -607 -142 768 -663 132 -608 896 830 665 -398 -303 -36 820 455 983 -46 797 -727 -396 -600 -885 18 567 255 153 247 -482 -832 -396 -414 200 -176 122 -785 724 426 -803 39 -646 -660 525 -425 718 -396 -451 -704 -247 -648 -118 -472 281 621 666 209 -438 390 272 498 -75 768 -758 -788 -196 324 -679 330 90 -322 -393 261 -107 39 233 -411 -53 -900 -663 179 -903 -374 802 821 216 579 -734 -868 -252 -680 118 -948 -513 -664 -516 
503 43 164 -155 -130 677 -559 451 235 -808 418 460 127 670 799 -104 -893 -303 -214 412 -949 149 -27 -850 455 -239 -891 -433 373 -482 -317 -815 970 857 -304 600 -23 -783 980 289 393 -713 652 -466 -520 656 252 950 306 614 777 988 -672 -555 793 -435 755 938 -305 821 -911 -585 -919 -35 333 40 997 934 532 -9 -844 867 -435 -426 -132 -783 329 -82 140 -595 -3 347 -331 -596 -395 -863 -855 -891 584 -933 511 364 101 460 -945 -904 446 -15 -103 196 
858 -220 -511 -611 843 356 342 -749 -345 -935 158 -546 -404 394 683 -411 466 -336 -858 439 301 809 -855 -881 940 257 794 -177 -558 173 -12 -828 -462 565 -261 -334 537 300 224 -133 -274 171 645 135 406 -486 864 14 -569 -187 514 -772 995 392 846 292 323 815 -685 659 -280 -474 277 -606 -460 -942 242 -410 985 -866 492 793 -67 639 -510 -122 543 -188 941 322 -690 333 -342 -499 531 741 946 898 613 -232 -656 271 940 346 -677 882 661 -219 573 -677 
-742 -51 -52 -976 -204 -735 -853 -38 -605 143 -721 3 758 -162 46 -124 150 658 -258 -677 268 541 -516 605 -475 -944 -495 -443 583 80 675 -780 -108 -315 720 13 -930 -341 -512 -697 -917 -692 221 -443 -516 -86 -328 693 458 501 -664 -803 99 -820 195 884 663 -769 302 -938 -171 -562 -257 -748 489 788 -403 382 85 345 394 707 64 -621 -676 333 977 474 -133 -188 820 -226 -42 274 -202 107 866 369 -612 908 172 21 -777 148 -831 268 801 -508 -496 -934 
-799 846 -899 -383 331 -675 -852 -971 640 390 -568 308 -420 -582 691 837 739 -672 759 672 453 284 929 -4 535 -180 -852 324 723 -122 -586 -790 -967 503 827 859 -998 257 -301 119 -10 942 675 651 127 50 -423 -630 -404 -366 -793 -690 973 -603 809 658 703 633 899 -22 -902 528 339 185 -333 929 -424 743 -696 -365 861 -256 -530 245 -805 499 -977 -537 694 192 -225 800 -670 -860 -881 -726 6 -109 -306 -707 244 -582 197 694 811 -899 -629 991 -865 -482 
-48 -788 -637 -502 367 -325 -664 -794 304 -140 -151 -640 680 -500 -167 -306 824 350 -323 -923 -345 823 317 806 246 37 -763 323 -322 -645 -323 890 133 -282 -723 873 -30 399 492 873 248 537 -970 -795 -862 103 290 46 -328 -453 -765 -21 884 -596 -871 759 486 926 -837 332 -504 630 -46 132 139 -339 -958 -1000 -59 -685 -567 -810 -946 942 -699 824 -412 792 -314 121 -303 -991 1000 986 187 83 -625 773 82 65 -726 -321 -984 846 649 -252 735 -440 309 210 
657 -467 -454 -148 -288 -36 302 311 -637 -44 -820 -144 389 -80 604 -153 -303 232 -786 40 -505 362 733 628 -396 -275 967 -476 704 368 886 -691 518 373 -614 -118 -534 432 71 633 -182 -685 803 -382 -106 376 -564 534 -534 745 -284 575 663 770 -750 744 -951 583 478 -708 -418 -549 664 -96 -320 -682 -167 -66 -719 184 77 790 112 174 518 21 -73 361 96 407 -495 -821 -800 -602 171 -25 932 674 -707 838 -393 810 -681 -338 602 -346 -77 293 -445 485 
748 -694 -160 896 611 -210 75 598 -958 57 530 706 655 616 -368 -61 -141 -191 747 -443 -843 581 -850 356 37 617 980 386 -743 123 -912 -181 4 232 769 -483 199 250 176 -779 279 -999 943 -213 792 -437 -631 198 468 11 -378 -660 -296 203 -18 -77 -661 -605 744 -771 -856 264 -810 74 -143 805 -821 -200 546 204 804 -189 149 1000 345 425 695 -792 -236 400 -422 -493 -531 -958 -346 873 378 643 -743 -630 -511 -716 279 -883 -160 -779 573 -67 -344 -551 
50 -847 -897 620 745 -757 -656 -9 742 962 719 930 -156 530 213 -16 670 964 155 546 116 258 535 -429 -801 136 219 -393 -525 -866 -817 -754 -715 422 603 -787 648 -83 710 -222 130 -928 637 -41 -611 405 964 -66 -838 630 -474 -381 479 334 836 -134 -448 -682 -812 286 941 309 423 -784 -389 -64 -970 -455 -174 -649 -306 -573 451 -119 -296 600 -844 480 313 -628 -158 -649 791 767 -397 589 514 -915 391 454 77 -257 260 509 909 136 787 -282 900 704 
674 445 330 109 48 73 535 -917 -1000 156 -943 -875 -244 -949 384 -509 97 969 -61 -164 650 36 -825 891 442 235 -15 -906 253 -832 -450 -975 987 -298 -589 -941 -579 -619 836 947 922 -88 -109 963 -292 430 -355 985 984 740 -801 361 78 -532 54 -922 -503 385 873 400 177 375 468 -835 -237 -707 543 -770 528 472 524 -787 -918 -266 -971 102 -329 643 733 -656 841 -355 980 -191 546 813 33 -498 788 801 -17 -905 643 -123 969 585 -903 -667 526 295 
-79 313 452 -450 -228 695 114 -975 80 882 322 -484 545 715 -689 -744 743 -110 -125 -921 396 478 -888 -727 355 58 -105 -594 -671 295 -114 104 700 466 -488 -701 530 -519 356 -928 -671 268 -789 486 -253 735 -414 -613 -221 989 45 -123 -372 -416 -84 -850 -836 -602 -584 907 129 -323 -283 793 -203 -783 151 -560 -138 -56 858 947 -671 515 -290 -252 -902 181 -320 -724 123 783 868 553 -180 -141 458 958 800 213 548 485 443 -445 708 -31 -400 -477 66 493 
205 200 187 842 -281 191 610 515 -820 -88 232 723 175 724 -561 -101 165 -596 305 -105 -731 -484 -402 394 272 -522 -559 -817 -92 489 983 -399 640 162 726 -17 817 722 -532 462 -244 -898 -260 -656 256 169 -609 940 -191 -255 630 102 -896 189 856 -796 -5 -491 -602 -752 907 319 -14 -966 18 232 -891 -971 699 558 44 -716 305 72 -471 -692 -454 84 -5 165 823 486 606 -395 -179 -908 837 658 -759 -699 589 -524 101 580 -45 -492 471 173 -419 -47 
719 793 -813 -403 229 954 621 -625 -724 576 -405 433 -266 -732 -921 177 -614 -722 386 -668 -636 -60 570 895 869 -103 -281 -156 -231 182 214 -212 -242 199 -122 -41 578 95 -937 175 204 -797 -769 -40 -81 -631 310 -418 -475 746 -635 -932 235 129 -610 811 539 -780 -240 149 -925 263 328 -159 844 -593 766 925 -336 -129 -868 -384 847 74 836 908 255 944 920 -66 153 -435 794 714 425 -421 -449 -400 -315 -25 87 -723 -217 377 -709 777 582 -946 543 922 
237 -127 678 -359 915 880 958 -56 996 -323 -567 6 -758 -716 -196 -12 222 -807 -5 93 735 756 -425 768 422 -24 512 -840 655 46 641 -487 -753 -449 -518 -211 -332 -222 49 816 561 -526 -270 -869 -670 -559 -396 -816 -315 -715 -862 335 -673 -46 861 298 919 755 -270 -851 728 980 -69 -156 -982 -618 334 -25 555 -691 -878 748 -202 -534 512 -405 -139 -102 -682 -67 -614 -320 -930 184 812 215 -62 -521 700 54 958 88 293 -489 283 155 -849 -212 92 -141 
-76 -561 -270 722 -885 259 -821 410 729 247 -630 -651 -171 60 -33 -553 -649 -855 216 -440 914 -667 -838 -626 -912 476 -464 -795 710 -599 -484 483 -411 -20 550 693 279 793 -751 982 729 -760 -893 449 -303 117 -529 176 -351 429 447 -964 -309 760 347 -976 -804 -686 -271 295 738 -152 690 487 -272 -307 -785 365 871 -179 -278 884 -221 94 -973 865 939 -289 -445 417 157 -70 -32 -793 46 -170 957 307 -816 -50 -796 -859 -19 -215 503 -983 582 -745 -64 784 
-648 205 -442 -728 463 911 -804 539 681 -276 65 -105 401 0 -365 -342 937 -417 -992 142 -418 -671 685 -670 -501 92 -147 -704 -498 278 27 725 24 679 52 -918 388 652 79 -365 430 -79 -895 977 778 448 -255 638 358 -757 -212 448 -998 -426 -340 -148 -838 914 -323 -288 -828 695 437 -620 -390 979 600 -902 -737 -11 507 -870 -869 593 -829 757 -1000 943 -688 14 917 -29 577 -198 -575 -351 -807 -893 460 -272 -226 929 -404 -798 690 40 238 -332 16 980 
-731 541 -936 128 -597 -282 -437 -190 -689 -755 931 487 -653 561 556 -954 180 -506 -377 628 -153 -701 849 926 391 562 614 -953 725 537 -623 199 -887 25 -523 -431 541 -763 -79 -840 -832 433 569 147 -964 -47 856 835 -375 -35 -350 -488 -930 -937 20 -935 -347 408 -659 -636 -936 955 -822 812 125 934 269 -648 -670 -371 -531 -729 401 -174 897 111 484 -70 -499 697 350 669 -419 480 -787 550 477 360 -539 -698 898 317 -947 -854 424 667 -612 684 224 -254 
-605 693 -505 643 351 22 333 427 -641 -796 184 895 -659 375 -663 -672 9 283 137 535 706 673 477 -741 -573 984 81 109 -777 -337 -726 -225 -65 -794 77 290 126 -760 26 -142 -847 -694 -73 -406 997 145 635 345 930 -885 -175 -583 -456 -601 -81 612 635 -916 493 241 -318 -72 -637 -672 -580 -71 -586 910 645 -319 -736 -367 271 417 -326 979 9 -126 -250 639 335 -885 -695 -95 293 251 451 177 825 477 896 -571 453 -994 427 369 -99 998 620 41 
90 -453 -891 379 607 708 -568 -955 -974 -446 338 599 -800 820 613 284 568 -615 -27 457 829 414 11 -971 629 560 759 -72 28 305 410 411 995 892 844 361 820 -458 -144 -299 269 -115 -824 -751 429 -943 304 685 921 475 474 -40 86 -503 939 -501 -591 543 989 -833 -657 -216 -479 -459 206 -426 -990 -207 -445 -707 -977 883 -607 -185 339 -725 -431 -378 -586 -652 -506 -761 539 -135 655 299 317 707 -851 -761 -122 -802 325 388 -487 -712 -353 -53 32 686 
-251 -271 207 -138 -212 126 -855 314 -955 -933 795 -973 741 -666 247 -771 647 797 366 82 785 300 -391 383 610 432 -309 -101 663 -627 -50 603 948 686 -735 274 -626 26 479 437 -922 772 -408 -104 -632 374 503 225 -184 -470 -183 970 915 -226 -160 746 103 -50 696 234 -859 687 -312 -190 -667 489 119 -446 497 -971 -558 -501 81 914 -392 -162 -27 -875 -768 636 352 -353 -668 -851 113 -839 505 317 -75 -890 -859 -215 994 689 -182 947 -135 158 149 616 
549 239 -552 551 -607 341 -522 -233 -543 376 -883 -308 652 652 -669 -168 -905 -24 -820 -16 839 -313 -525 -707 310 -454 -104 507 914 371 -810 265 377 -920 406 -815 -377 72 -333 -457 60 240 649 144 320 691 -62 695 655 -198 -761 -145 -225 595 -189 -170 -379 -704 937 378 445 -95 -581 -817 819 -542 657 204 -889 -176 -107 830 278 688 -483 739 -255 983 953 -866 -495 430 -531 -125 790 -110 -765 32 293 353 -522 548 868 677 -266 -918 -709 -196 813 -715 
-11 -460 -209 961 161 74 -735 -751 902 -858 -582 281 497 441 355 -47 713 -684 676 692 776 689 976 655 562 -386 -975 345 177 8 815 252 497 -613 -247 -877 588 -504 -350 635 -848 -545 128 735 997 718 960 568 626 -792 482 -319 807 -643 622 384 346 -666 696 800 421 644 265 -552 -417 816 912 -319 -978 -351 -645 -287 -911 510 -956 -102 -756 -532 -390 389 -535 995 -473 718 -300 692 949 -841 241 -839 -589 583 -827 977 -223 -991 102 937 103 309 
156 -250 -573 -361 510 -910 -601 712 -627 -565 266 -492 542 305 -315 379 -277 975 912 -753 -662 206 659 655 121 -519 -195 127 -289 77 141 947 111 -967 43 827 -792 -111 248 928 -17 -805 323 626 626 -999 -825 187 -684 -871 -515 -648 -190 850 -272 233 628 -477 -181 833 -87 585 109 451 -679 58 457 590 896 461 476 802 -91 -80 344 -341 -236 -719 -483 937 -294 270 512 563 -722 560 338 245 349 -323 114 556 -937 162 -457 736 -718 178 393 712 
128 355 342 92 -197 687 364 781 -190 -360 586 -460 554 412 893 360 376 -806 -911 399 881 97 -192 795 525 762 -542 262 -931 -432 821 35 -910 -966 -461 317 830 158 -496 -651 434 336 215 -661 368 -527 -274 -575 26 -624 -292 945 771 -166 3 -239 19 683 -124 -606 57 -286 891 16 -471 469 784 941 -585 450 -56 -426 -334 -398 206 219 -716 91 274 711 977 -858 -592 894 -725 870 -469 -373 -817 -350 -559 -556 175 -626 -894 -641 110 763 922 -17 
800 911 918 -59 123 -193 -593 484 996 847 442 93 -893 -75 -596 66 662 -804 677 64 350 -260 -593 199 -731 738 -724 280 81 -221 -755 835 -801 46 689 -467 988 -297 443 -671 -638 65 267 788 -574 239 -453 -768 464 355 688 683 -576 408 521 568 559 941 -614 116 923 165 909 756 -48 -157 423 -694 -509 284 112 357 -552 -2 918 97 -88 608 -679 -516 313 760 -558 885 -821 206 611 946 -891 114 546 -65 -826 -179 -837 431 241 -207 -454 -834 
890 -547 -176 -517 181 -855 520 -100 744 471 -503 144 -553 130 318 -987 -346 -1000 355 -820 278 -313 -333 -201 -13 62 73 -669 933 667 -509 853 -739 334 313 -643 100 438 -421 714 127 -888 121 134 -629 973 -613 164 118 -681 188 -555 -434 -161 801 -271 -956 -859 -863 -158 413 -820 607 300 -712 503 506 913 -226 -583 466 -907 -271 -647 579 208 835 -950 316 -668 990 736 979 -186 623 -3 -180 -510 -80 -827 956 644 88 777 -164 -65 -662 922 989 834 
574 -712 -497 772 -964 798 520 -310 740 211 -483 827 301 170 -604 -791 180 -512 719 237 -770 -616 231 -332 -381 -515 309 479 602 447 197 -251 -826 -65 498 987 137 -370 690 219 -147 921 -538 -471 658 -795 649 -868 935 791 -116 -535 -450 -567 82 337 -469 27 347 -923 951 -266 -687 543 -111 -406 -947 613 -968 -240 -609 455 215 650 -114 -513 -121 241 764 -560 203 -354 -551 630 757 -756 108 -909 761 197 -541 635 9 954 -903 682 886 248 -815 -985 
-141 -189 -985 679 -422 -321 866 750 -857 853 -70 452 -966 320 718 283 -55 237 -953 698 292 -218 -814 190 768 365 30 314 351 -153 -750 -704 -668 935 -382 -43 610 242 300 -729 828 -729 -330 -47 50 865 185 -678 -322 529 698 -823 -974 191 659 96 675 -264 364 629 498 718 771 970 945 348 534 -769 -259 -731 -213 204 781 -608 227 -759 -86 664 -414 -928 305 -7 -657 200 817 -334 763 -461 -209 930 495 112 314 561 -962 440 493 824 622 -852 
821 -753 288 -626 -885 -734 -584 566 122 -647 -508 -854 -784 900 858 -424 -438 -235 -355 794 -22 307 17 248 -318 852 530 -798 324 922 269 883 -104 869 822 729 679 192 -470 -964 640 -12 -760 29 184 436 822 161 484 808 245 343 -940 310 52 -568 495 -224 -757 -294 969 -687 733 43 -231 -512 -412 -384 -509 421 -247 -318 110 -79 188 96 -610 -964 351 978 716 383 -677 989 -773 -259 425 -130 79 452 -210 501 -469 613 -829 -924 914 954 20 -225 
883 -211 -440 144 277 165 842 804 -697 -345 -271 570 -865 -876 -531 -235 -389 -9 -414 -840 -210 -93 913 -22 999 741 -316 -724 -879 88 694 806 597 841 842 -893 920 -907 -313 493 890 -824 -973 636 233 573 -366 -780 -385 676 914 447 365 215 -858 -489 259 -796 -290 -767 -784 -113 69 -344 -181 634 999 23 -359 -218 -510 961 -919 832 -457 -215 -241 -242 -614 116 -209 671 364 -922 -927 -484 -914 467 -884 -574 275 -205 919 -595 -577 31 -762 -178 -919 249 
539 -564 597 648 -324 -861 654 333 -483 -59 820 -871 210 982 293 592 -16 672 5 -523 3 -660 901 677 -929 758 284 -273 51 -61 -121 -853 -337 865 -100 57 316 243 251 166 252 -225 74 -732 32 722 143 945 188 569 -364 553 819 136 138 618 142 -474 678 -430 -350 -983 215 -645 -81 -162 742 186 -434 -162 -484 -399 229 471 -976 -947 605 132 -792 862 865 -377 377 194 402 491 -167 -217 324 -289 -863 966 -267 -768 -262 130 687 596 -321 675 
404 -607 -176 786 10 975 630 442 -138 -6 55 -55 898 210 340 -931 -252 -750 -335 -642 571 816 -962 726 -55 658 -566 915 871 -886 379 -630 69 -368 609 -673 576 781 650 -100 -513 738 -634 379 -323 -184 614 -972 -599 -499 -613 -280 58 41 16 581 -725 -309 -766 -731 -721 140 -998 -999 326 346 389 626 334 -225 661 -103 38 -144 73 -938 721 915 -380 959 636 269 760 -882 -754 -95 784 848 -67 -49 -967 -342 442 934 46 738 -485 -362 666 -794 
-515 17 886 943 578 927 -190 -766 -897 669 -603 -425 -512 986 -159 -15 -361 -10 -872 -344 -963 716 -996 -282 -691 -925 767 547 946 975 -802 -943 352 -76 942 439 -245 22 -736 -1000 -917 -2 94 -895 -447 -346 -303 391 143 -239 398 291 103 755 890 975 -753 52 -48 -860 -187 -212 -246 636 -617 -855 -275 -564 -868 -149 -552 859 -46 37 -263 -3 -503 -815 859 200 -5 269 296 -506 -677 -157 551 -693 998 772 -427 508 -371 -304 963 -328 533 540 262 226 
637 483 -374 -499 382 -828 167 -345 -922 -512 38 479 210 38 886 882 -228 -955 948 988 389 860 -867 271 303 -782 343 -413 75 -687 189 376 300 -870 -497 720 -79 -837 -900 312 -766 715 -635 -418 258 829 -856 202 288 980 219 206 -14 -361 51 258 -575 -791 474 -905 780 -972 634 -546 516 -121 340 -630 -692 701 -770 -534 -57 -506 -887 -958 -61 -799 993 -85 676 -971 413 -510 879 -6 963 -623 338 -91 409 -805 879 20 290 -303 -199 322 960 80 
-85 -980 -678 -244 673 176 -455 -243 330 -924 547 60 -405 -135 313 788 156 829 927 362 300 -42 290 334 -806 -495 143 724 -644 -242 594 -69 -560 507 -988 -578 970 -725 174 -670 -122 -888 -26 562 -959 -901 713 -945 -632 479 473 575 304 -77 -234 565 71 971 -615 -172 954 668 -106 878 -791 -310 231 -256 -385 435 -438 653 -671 -650 -595 880 -731 272 327 541 772 -647 -436 693 -522 615 538 417 52 73 491 -788 8 -976 -327 -123 -76 -621 -240 648 
-310 -574 -184 102 628 358 897 -320 -503 895 -914 694 574 965 -450 641 -312 418 -921 -564 -300 128 -294 -149 -121 506 317 82 325 -631 7 -73 689 -2 380 665 145 462 624 272 447 472 370 612 -708 -642 903 802 466 -63 886 -728 -349 -315 -248 559 -653 -117 895 68 907 -727 -993 580 -218 -82 -422 551 63 -977 850 349 -288 -408 -527 -114 -150 520 21 -515 632 -804 -537 212 59 463 249 -74 556 -247 -972 -992 -289 829 -735 -268 -286 -899 23 -402 
-910 276 -515 528 871 575 836 350 -192 316 274 -365 -685 -670 577 688 116 250 -117 305 -87 -695 -349 -426 -472 -991 -199 782 439 855 102 794 -326 572 859 -472 -729 36 -844 429 31 879 392 395 407 739 951 796 254 -13 674 -516 946 729 154 244 -889 117 728 784 -456 816 -2 -7 -581 307 -41 -182 859 -515 -496 505 -894 -337 -910 254 -737 944 431 804 -999 -127 209 471 922 -921 -713 704 814 796 -862 429 -63 212 -243 -553 506 -299 -288 -958 
-840 475 -660 226 838 -286 197 935 -327 789 -237 857 -324 -912 -468 676 -64 -968 -639 261 143 985 298 824 -297 414 -183 305 643 -729 809 647 543 478 334 628 -58 682 910 957 -636 382 638 -993 455 -477 -369 509 973 -779 -471 -564 -438 -374 18 -323 633 972 -287 -840 450 158 -374 862 650 853 755 842 -190 -534 -979 -971 304 -669 -692 897 958 972 837 -811 -911 440 648 -434 576 964 -976 786 269 -792 -109 268 259 -783 -786 815 -204 -300 162 -90 
-623 -637 -230 -615 -303 -12 952 745 -266 -54 133 -311 -557 -486 414 747 322 -952 -7 -392 43 -198 413 -364 239 579 394 442 509 -723 -360 121 -447 -754 -699 -745 -926 -113 -511 -743 67 -202 58 -285 476 -381 800 903 149 -706 -674 -308 315 437 463 618 -657 724 -254 553 906 707 402 -673 903 -903 -697 333 257 -828 542 -406 636 -834 -992 832 -480 -992 658 162 -595 -456 -393 -480 891 -763 -791 802 788 880 -254 154 -596 755 -91 900 646 -215 -677 121 
-655 -672 366 -571 653 718 -615 603 -659 861 -355 329 -988 -544 -555 -806 -887 -542 760 -363 439 -953 -724 -815 750 190 577 -438 624 -432 -491 -286 -131 -974 -792 -126 -574 926 -446 985 396 -441 412 877 -937 820 600 -527 -900 -598 796 -201 922 668 287 476 -49 -540 788 -382 -808 -77 -277 990 -462 -358 -976 -479 530 532 740 -211 486 377 -143 940 12 190 614 -409 153 -503 -354 283 381 368 -998 566 865 -209 -895 -425 -370 -293 -831 -919 -631 884 97 632 
-475 -717 789 325 -264 -537 -109 844 127 -716 677 864 816 -103 625 -504 -683 -522 -217 473 -687 -643 -646 485 833 -506 -201 607 584 -803 -420 -475 -145 962 425 686 484 240 87 -308 -389 461 -940 -896 -926 342 683 -971 -886 -772 -50 -425 63 701 907 611 455 250 -825 592 165 973 648 -157 -966 -535 -96 -670 -556 -626 -786 283 194 629 956 412 698 -404 18 -443 439 -80 800 572 464 452 -325 341 289 580 -221 721 -407 -119 -957 196 914 726 90 -277 
20 -117 -569 53 -751 862 293 -191 284 97 664 -756 793 439 12 353 870 849 -690 -335 598 -212 -940 191 -508 848 -597 425 -971 -630 565 94 -394 109 703 586 -402 -367 -5 -503 998 173 -375 73 -104 224 -470 -637 606 -635 714 -627 -671 -255 432 -921 -732 682 206 -511 395 -982 140 -860 -608 -924 962 373 -877 110 -173 -83 -894 -88 -20 -959 445 744 668 -448 -66 -307 -939 -437 829 664 -882 -613 540 544 -114 -300 8 -156 -883 -191 351 583 -664 652 
441 -561 -678 955 -430 -85 406 321 873 672 -660 598 840 -233 278 382 -103 565 -822 -756 -527 -443 -621 -513 556 -983 85 -254 -900 -942 -403 179 91 -988 -945 -512 -502 -976 596 590 248 -857 -536 -659 -324 451 -50 975 -729 62 272 -992 -484 577 661 347 -537 -834 -808 532 -704 669 679 -59 817 -592 10 -138 -586 -585 668 160 -18 481 390 327 -355 330 184 427 473 -151 -181 -951 60 -148 659 -72 923 2 393 -986 -335 926 -535 -291 -839 -348 951 -366 
-888 158 628 425 -507 -647 -707 -60 118 -391 501 567 821 477 253 523 222 -346 -949 591 -918 -312 -853 -482 -363 -248 -717 -274 -743 432 -23 212 793 -453 514 713 -965 -252 153 -330 -370 749 -832 622 -458 178 -875 -542 -367 385 -768 -387 -408 260 86 -414 -967 396 495 -674 626 -162 -729 43 397 -13 778 -204 3 510 -177 -23 432 -49 468 -163 -531 -421 635 285 -269 -965 -434 -645 699 860 903 567 578 -102 -518 768 564 815 276 435 -228 222 -319 412 
-413 -951 715 -446 -259 37 -622 155 100 318 -1 -804 644 -627 -586 -252 851 825 -862 -498 657 297 -803 547 -484 -293 -933 69 907 -103 -793 764 -258 214 238 183 400 -163 967 510 -609 101 -578 269 -972 -558 -45 572 -360 -386 -816 530 214 435 423 619 -717 933 -30 -948 -982 -227 -550 -853 -841 -742 329 -629 458 389 231 652 -562 318 -139 986 -664 585 -195 283 -802 -968 -411 231 23 379 -242 -671 -161 -82 -135 -928 63 -385 445 198 113 255 675 244 
351 638 -656 427 100 304 752 573 -450 -193 985 800 778 178 -315 855 68 -728 -683 -58 -73 -270 -637 974 738 639 -740 -91 -474 873 335 686 950 366 526 700 492 -811 938 -294 -88 -495 766 189 502 669 68 -761 371 -858 -16 -534 984 -392 -368 -495 947 996 699 -800 328 162 -371 -522 659 -375 668 -41 352 229 534 532 -172 -898 326 -68 663 -828 100 975 -161 14 707 786 621 514 618 310 -836 906 -113 274 959 436 -173 758 -547 -2 -283 958 
839 617 -71 -651 43 746 502 -426 88 396 346 -167 -530 -804 876 845 -581 314 453 141 368 -257 112 805 -676 168 724 718 -474 -102 953 -881 -558 578 -137 -441 602 -126 -3 358 -995 -514 -405 -300 660 517 817 187 2 -88 87 -969 197 -532 101 365 -931 848 -266 -559 -490 697 163 -153 480 315 773 626 -342 494 -722 -753 361 -930 -306 -341 -852 789 80 960 -759 289 702 669 472 -903 423 24 -596 -118 -51 -228 -814 -60 -606 -667 -657 -839 500 -872 
-436 -904 190 -896 725 834 -685 -783 -895 979 -726 202 -675 -484 417 -502 -784 479 157 -906 622 -451 858 31 401 -876 -291 -498 619 917 929 694 155 -594 262 -929 969 -482 768 578 -513 -394 -455 -575 -964 682 -602 -147 755 66 475 26 -621 209 -943 949 353 53 -808 291 644 -668 -38 -770 -174 -706 649 -928 -843 -292 98 263 336 356 939 -722 -895 145 -158 757 312 390 -40 611 866 897 -582 -802 -227 -35 652 -112 563 -349 -358 754 -245 955 -799 134 
922 -246 -256 -930 -459 827 -478 -518 -164 -136 568 -996 375 -786 -778 903 -908 -216 46 -858 -815 803 -417 -777 -141 -116 403 -266 93 130 -280 -341 -337 993 35 27 62 -899 -892 838 235 142 -21 364 -812 -770 444 613 320 -480 -662 240 329 522 503 -222 649 284 440 -471 -466 -552 578 -954 -669 717 619 284 -841 -540 835 626 -454 543 695 128 -155 -737 -51 -222 794 -627 702 315 -615 -277 117 233 -176 -833 502 678 79 56 820 -946 313 -382 543 479 
800 378 -481 162 678 -144 913 -657 -870 747 -485 277 -828 628 -140 -830 -1 189 881 261 -413 277 -139 24 -118 44 -628 697 216 -337 -123 -487 -643 588 428 -67 88 -404 -166 -923 -86 455 -223 -963 25 616 -366 -672 437 -6 260 -800 386 -185 -753 -327 255 -342 -23 73 -88 -290 -504 428 -442 -563 440 408 733 928 928 464 -79 831 305 139 -75 700 -644 634 641 626 -409 712 -207 312 -654 -537 134 279 -245 244 -929 -201 -420 38 953 -212 536 -971 
35 521 779 298 -318 -294 -956 142 48 -352 5 727 -989 740 600 316 639 -913 -704 985 -703 -674 -529 530 715 954 -1000 -23 681 -320 -193 281 -948 346 -181 -132 -768 588 -767 -278 -702 -529 837 679 315 749 -981 237 -120 -934 737 -999 -941 673 -81 -519 -876 520 -227 809 506 993 -995 -104 -849 -386 -699 107 334 945 940 -804 639 -864 388 311 621 148 -642 -762 -704 -474 -324 315 42 56 173 817 -295 830 -948 -923 -542 664 390 -141 -586 55 625 885 
-484 -189 201 -444 715 249 -120 841 -741 657 528 -709 754 881 -749 887 -185 810 84 30 917 97 -877 747 305 182 -719 -324 841 537 -611 2 -127 -237 -744 507 -843 750 583 842 399 -297 205 742 127 133 993 289 994 -763 719 958 -2 685 65 836 426 -904 -328 -811 -350 -160 -886 -525 -438 190 734 -700 934 283 216 -848 -106 563 683 -552 -447 -572 -43 420 126 -354 680 874 -150 181 909 -539 -453 531 -525 928 83 13 812 808 -497 673 53 -424 
-964 495 144 239 821 239 962 -570 -752 -808 624 32 -434 180 -448 -522 510 570 -497 632 -409 584 -289 -877 -744 20 802 -870 -698 71 366 975 -37 -494 194 633 68 267 915 553 -28 867 -292 16 -256 -22 36 -577 -806 -691 499 747 -350 244 -372 284 -682 302 -169 -21 266 800 850 -857 -812 715 -351 112 -501 451 763 -273 -641 -943 499 -567 -899 599 -887 -922 -185 -844 912 338 -434 -64 -656 458 406 227 17 690 -14 -417 503 -22 974 171 511 698 
-939 604 62 279 -364 456 554 -1 -193 217 -854 522 58 882 -702 -639 -545 633 722 -126 -673 -415 42 959 644 -872 309 -146 429 884 -819 -483 343 -348 401 -163 -796 -333 871 -980 -66 -989 110 -995 -462 -759 -106 -336 232 -581 744 89 804 105 -481 60 -580 -806 -894 -768 -321 986 -170 903 -116 -69 -565 557 402 -161 -54 828 31 126 -937 -665 -444 -703 331 -982 -404 -226 -686 847 -839 387 -892 249 188 243 210 -437 237 -96 980 17 -108 594 29 585 
-186 295 -625 262 -674 523 245 871 485 411 -312 401 -193 -482 139 620 -376 153 334 619 -716 -462 99 -285 -529 -872 323 -297 333 29 715 -198 -611 -336 658 -314 -349 -555 -115 786 -267 791 -269 -586 -334 685 294 631 644 163 -110 -585 -791 909 610 -561 -70 808 906 287 727 438 -358 136 -302 411 -368 53 -701 -587 54 360 635 14 -312 -75 -939 312 -843 -214 442 552 137 991 -731 -199 187 -54 187 621 925 762 596 246 288 -292 276 902 -764 -732 
-616 -748 614 782 -154 67 -871 -85 -809 -446 -582 -871 -54 -955 247 -510 615 -876 -513 591 437 358 -561 650 -151 -229 -145 567 -145 -311 -633 641 511 205 751 513 -822 -877 -169 86 405 988 -865 -817 -438 305 -978 53 682 -790 633 131 -586 -324 516 959 292 476 -796 936 -152 501 301 -23 630 -417 -593 55 -488 -269 -496 -331 -620 -102 582 751 949 -610 -553 835 950 -819 -986 -350 638 342 -652 -737 807 -809 804 352 -704 -770 -196 263 706 -678 702 -468 
-94 971 271 -959 365 937 230 927 -289 815 818 -596 685 -122 495 363 -655 -975 -712 302 400 -435 -26 -183 530 -138 392 -618 301 155 -958 -326 -982 213 -313 784 -425 -903 -545 900 104 382 -622 775 -10 -80 187 -894 -223 32 -330 408 -342 -388 -951 988 -404 190 -436 11 -252 920 -628 -600 702 -788 230 -432 -821 639 270 299 -729 -752 58 -411 -253 861 242 -925 997 335 662 133 -523 675 -85 894 -301 487 -279 398 -237 690 -981 159 -969 588 903 -706 
-514 75 -553 -63 439 90 -937 -484 174 -897 128 -332 -347 288 -400 -990 -118 258 198 -573 -280 -114 -180 878 -270 -855 -158 955 -591 -791 598 -148 -575 639 -582 265 741 129 747 592 724 -548 -129 994 -288 283 769 -390 -117 -270 -296 141 185 -859 -161 116 -495 468 -843 -542 -425 248 -182 757 -373 861 -611 -726 -636 715 755 -348 -44 483 610 164 -444 334 -662 915 785 267 -802 -194 87 980 -972 -244 581 -630 999 -930 -961 892 426 -838 734 -781 233 -234 
-333 962 958 -796 890 357 -454 847 883 -712 -600 319 956 -520 -159 -674 -512 31 28 742 946 -471 -620 536 117 -872 -349 1000 575 -115 800 -104 -100 365 389 -175 730 163 90 623 -100 693 -358 524 819 378 -37 -844 770 263 -806 -157 -389 797 289 -662 201 -1000 -233 485 878 135 195 -184 829 -877 525 -382 351 807 -584 -977 436 127 632 -2 -39 -551 -415 -266 -452 490 426 -123 60 688 -980 34 0 228 659 413 -36 228 453 950 -257 -87 -298 -530 
-123 274 253 -538 749 760 -106 -476 628 863 -818 473 197 588 304 9 660 -905 -967 472 839 -989 785 636 -666 -950 -732 -597 -172 753 16 -218 -783 43 -376 78 498 -804 372 -207 -162 -790 214 565 -220 81 354 -623 -376 412 796 -686 800 156 -609 668 328 -170 37 898 132 819 705 756 51 794 -616 517 -978 313 105 -339 -881 440 -665 149 45 732 -4 -884 923 -726 35 147 -916 551 797 -171 244 863 904 7 -143 -209 -617 856 317 369 -164 646 
825 -227 -799 -751 778 -265 -434 -29 -123 -150 933 597 -905 488 612 957 -101 -423 12 -131 942 -956 -986 -683 -19 -78 996 -114 -21 295 -19 368 427 -329 -30 837 413 -758 714 -203 770 -522 -233 -270 -570 70 -166 903 -757 -803 -22 -146 -501 300 -20 589 -626 -966 -209 -259 -999 755 -537 -321 478 -1 -347 -246 -420 853 -812 1000 -969 -692 568 -733 -470 -529 127 972 385 -268 873 909 -869 -785 851 -700 0 -557 -5 820 -88 600 744 933 -567 1000 -174 992 
415 818 386 619 813 28 -282 759 -820 -692 741 -906 -987 63 443 -276 306 845 -504 311 922 791 817 -494 243 13 -107 -343 388 -591 -224 -201 -799 780 573 591 -670 -404 -640 50 621 -341 877 188 -972 918 196 -645 415 15 997 212 -498 176 -117 -623 225 -222 959 -6 661 158 -450 669 550 906 511 -502 -38 311 -651 -757 636 -410 -568 -744 -42 722 -423 -436 571 485 313 -31 638 274 627 -910 4 441 878 -631 -411 19 -206 366 -207 -853 -130 -964 
-704 287 -826 727 -986 116 497 -548 -921 1000 -1000 -670 696 574 -411 -26 284 -137 70 12 934 613 566 -356 752 -642 32 -19 -469 29 -577 604 785 -939 838 -196 362 -371 748 -333 -422 197 396 -473 -38 552 -508 -639 305 462 193 581 269 314 -670 628 -820 -608 221 124 948 -655 -551 759 984 85 -434 694 568 510 530 -547 31 167 -408 -545 -972 301 -860 -526 -336 860 481 -780 -650 -37 -645 403 151 149 831 909 -828 433 -477 997 -484 -253 60 -824 
147 920 84 -440 884 -437 -437 858 173 -636 938 354 -780 -586 -534 291 27 937 41 -594 132 -676 72 -116 867 983 937 -924 103 342 -343 163 -766 -968 818 -345 -950 -778 495 -356 454 -457 58 108 -221 -384 -659 -995 -467 39 -26 -195 404 697 705 446 -642 -574 574 -92 324 492 -145 -121 400 -26 -257 -707 199 524 -475 -82 618 692 -854 -668 -21 -692 -999 261 -24 -127 -42 -258 986 619 -808 237 630 -729 694 -833 -361 -983 -396 226 480 -663 961 -649 
44 -227 403 -318 -541 834 -773 185 87 -883 -337 -248 988 -3 671 611 -473 853 845 976 -450 392 -980 -137 709 -948 836 488 -377 -118 -439 873 -232 -621 -651 833 529 708 997 -944 88 -705 -661 -65 442 -598 303 893 -575 481 -663 -329 346 969 -518 362 742 204 -250 965 -250 -459 -53 827 610 -87 408 -372 524 935 725 388 -459 -883 852 -90 -692 -823 911 583 972 -248 -715 -94 -485 -747 639 473 -50 376 348 -524 600 -372 568 -49 535 -811 -530 -204 
-783 -216 -866 -458 -737 288 -301 28 368 -522 214 -623 -958 -175 -7 -36 859 -580 179 -411 -104 -373 -240 -949 223 982 636 -834 79 350 -782 -558 512 763 -755 -139 856 226 264 -972 713 164 37 -541 287 -58 -247 -226 85 -38 -153 -921 185 178 807 440 -61 -260 -105 -864 -357 -741 -460 384 516 13 369 -293 868 754 -284 107 -666 -287 209 -226 -899 -968 325 596 783 283 -40 -883 -835 835 339 -524 -999 328 -684 -766 -654 -805 -424 370 -259 390 -677 930 
726 